CL State,CL Region,CL District,Housing Category,Post ID,Repost of (Post ID),Title,URL,Date Posted,Time Posted,Price,Location,Post has Image,Post has Geotag,Bedrooms,Area
California,sfbay,nby,apts & housing for rent,6979847760,6967501739,MOVE IN READY TODAY! 2 BEDROOM 1 BATH HOME W/ IN UNIT WASHER AND DRYER,https://sfbay.craigslist.org/nby/apa/d/santa-rosa-move-in-ready-today-2/6979847760.html,2019-09-16,09:50,$2095,santa rosa,True,None,2,854ft2
California,sfbay,nby,apts & housing for rent,6977127581,None,2 Bedroom 1.5 Bath Napa Duplex in West Napa,https://sfbay.craigslist.org/nby/apa/d/napa-2-bedroom-15-bath-napa-duplex-in/6977127581.html,2019-09-16,09:46,$1950,napa county,True,None,2,None
California,sfbay,nby,apts & housing for rent,6967192976,6942325978,Two Bedroom Two Bath Home In Rural St. Helena,https://sfbay.craigslist.org/nby/apa/d/saint-helena-two-bedroom-two-bath-home/6967192976.html,2019-09-16,09:45,$2450,napa county,True,None,2,None
California,sfbay,nby,apts & housing for rent,6967193794,6940478382,Two Bedroom Apartment in Napa,https://sfbay.craigslist.org/nby/apa/d/napa-two-bedroom-apartment-in-napa/6967193794.html,2019-09-16,09:45,$1700,napa county,True,None,2,None
California,sfbay,nby,apts & housing for rent,6963103231,6806256954,"Seasonal Opportunity, Furnished Rare Napa 2 Bdrms and 2 Baths, Tranqui",https://sfbay.craigslist.org/nby/apa/d/napa-seasonal-opportunity-furnished/6963103231.html,2019-09-16,09:44,$8500,napa county,True,None,2,None
California,sfbay,nby,apts & housing for rent,6976712463,6950912561,"2 Bedroom, 1 Bath Townhome in South Napa",https://sfbay.craigslist.org/nby/apa/d/napa-2-bedroom-1-bath-townhome-in-south/6976712463.html,2019-09-16,09:44,$1900,napa county,True,None,2,None
California,sfbay,nby,apts & housing for rent,6979861637,None,Updated Condo with Immaculately Kept Grounds,https://sfbay.craigslist.org/nby/apa/d/novato-updated-condo-with-immaculately/6979861637.html,2019-09-16,09:43,$2695,novato,True,None,2,1175ft2
California,sfbay,nby,apts & housing for rent,6978169102,6952488442,"IMMACULATE YOUNTVILLE 2 BEDROOM, 2 FULL BATH SINGLE-LEVEL HOME",https://sfbay.craigslist.org/nby/apa/d/yountville-immaculate-yountville-2/6978169102.html,2019-09-16,09:42,$3600,napa county,True,None,2,None
California,sfbay,nby,apts & housing for rent,6971440424,None,FULLY RENOVATED 2 BEDROOM HOME ON RUSSIAN RIVER IN DOWNTOWN HEALDSBURG,https://sfbay.craigslist.org/nby/apa/d/healdsburg-fully-renovated-2-bedroom/6971440424.html,2019-09-16,09:42,$2100,healdsburg / windsor,True,None,2,1000ft2
California,sfbay,nby,apts & housing for rent,6979856928,None,Dual Master Suites in this Spacious 2x2.5 Townhome!,https://sfbay.craigslist.org/nby/apa/d/rohnert-park-dual-master-suites-in-this/6979856928.html,2019-09-16,09:38,$2850,"5121 Dowdell Avenue Rohnert Park, CA",True,None,2,1551ft2
California,sfbay,nby,apts & housing for rent,6979854711,None,Beautifully Updated End Unit Condo,https://sfbay.craigslist.org/nby/apa/d/novato-beautifully-updated-end-unit/6979854711.html,2019-09-16,09:36,$2495,novato,True,None,2,810ft2
California,sfbay,nby,apts & housing for rent,6979853963,6694311402,Beautiful & Peaceful Sebastopol Home,https://sfbay.craigslist.org/nby/apa/d/santa-rosa-beautiful-peaceful/6979853963.html,2019-09-16,09:35,$2500,sebastopol,True,None,2,900ft2
California,sfbay,nby,apts & housing for rent,6977986713,None,Light-Filled Corner Unit in Fairfax - PRANDI,https://sfbay.craigslist.org/nby/apa/d/fairfax-light-filled-corner-unit-in/6977986713.html,2019-09-16,09:35,$2250,fairfax,True,None,2,800ft2
California,sfbay,nby,apts & housing for rent,6979852792,None,Pick An Awesome Move-In Gift! 2 Bedroom 1 Bath Apartment,https://sfbay.craigslist.org/nby/apa/d/napa-pick-an-awesome-move-in-gift-2/6979852792.html,2019-09-16,09:34,$2490,napa county,True,None,2,932ft2
California,sfbay,nby,apts & housing for rent,6976033527,6793655276,Apartment for rent. Washer/Dryer in Unit. Gated Complex,https://sfbay.craigslist.org/nby/apa/d/santa-rosa-apartment-for-rent-washer/6976033527.html,2019-09-16,09:33,$1760,santa rosa,True,None,2,765ft2
California,sfbay,nby,apts & housing for rent,6969827163,6861264669,Spacious 2 Bedroom Apartment for Rent,https://sfbay.craigslist.org/nby/apa/d/santa-rosa-spacious-2-bedroom-apartment/6969827163.html,2019-09-16,09:32,$1895,santa rosa,True,None,2,885ft2
California,sfbay,nby,apts & housing for rent,6979850601,6951028301,Beautiful 2 Bedroom Apartment For Rent,https://sfbay.craigslist.org/nby/apa/d/santa-rosa-beautiful-2-bedroom/6979850601.html,2019-09-16,09:32,$1995,santa rosa,True,None,2,864ft2
California,sfbay,nby,apts & housing for rent,6969826452,6771058496,Tranquil 2 Bedroom Apartment for rent,https://sfbay.craigslist.org/nby/apa/d/santa-rosa-tranquil-2-bedroom-apartment/6969826452.html,2019-09-16,09:31,$1995,santa rosa,True,None,2,864ft2
California,sfbay,nby,apts & housing for rent,6969825854,6820160847,Private 2 Bedroom Apartment for Rent,https://sfbay.craigslist.org/nby/apa/d/santa-rosa-private-2-bedroom-apartment/6969825854.html,2019-09-16,09:31,$1995,santa rosa,True,None,2,864ft2
California,sfbay,nby,apts & housing for rent,6959983216,6771044850,Craftsman-Style 2 Bedroom Apartment For Rent,https://sfbay.craigslist.org/nby/apa/d/santa-rosa-craftsman-style-2-bedroom/6959983216.html,2019-09-16,09:31,$1995,santa rosa,True,None,2,864ft2
California,sfbay,nby,apts & housing for rent,6979849313,None,"Move In Now, $500 Deposit, rest of September Free",https://sfbay.craigslist.org/nby/apa/d/santa-rosa-move-in-now-500-deposit-rest/6979849313.html,2019-09-16,09:30,$2143,santa rosa,True,None,2,None
California,sfbay,nby,apts & housing for rent,6979848038,None,"TWO BEDROOM, TWO BATHROOM, RENOVATED, APPLY TODAY!!",https://sfbay.craigslist.org/nby/apa/d/santa-rosa-two-bedroom-two-bathroom/6979848038.html,2019-09-16,09:29,$2050,santa rosa,True,None,2,908ft2
California,sfbay,nby,apts & housing for rent,6965019944,6714383180,Quiet Two Bedroom Apartment for Rent,https://sfbay.craigslist.org/nby/apa/d/santa-rosa-quiet-two-bedroom-apartment/6965019944.html,2019-09-16,09:28,$2100,santa rosa,True,None,2,885ft2
California,sfbay,nby,apts & housing for rent,6970447249,6965320137,49 Valley Club Circle - Premier Gated Community,https://sfbay.craigslist.org/nby/apa/d/napa-49-valley-club-circle-premier/6970447249.html,2019-09-16,09:26,$2750,napa county,True,None,2,1080ft2
California,sfbay,nby,apts & housing for rent,6970652567,6950805053,3141 Valley Green Lane - Single Story Unit Remodeled in Browns Valley,https://sfbay.craigslist.org/nby/apa/d/napa-3141-valley-green-lane-single/6970652567.html,2019-09-16,09:26,$2300,napa county,True,None,2,955ft2
California,sfbay,nby,apts & housing for rent,6971398526,4835229688,Beautiful Remodeled Garage Unit,https://sfbay.craigslist.org/nby/apa/d/beautiful-remodeled-garage-unit/6971398526.html,2019-09-16,09:26,$2300,sebastopol,True,None,2,None
California,sfbay,nby,apts & housing for rent,6979841794,None,"At Last, This Is What You’ve Been Searching For",https://sfbay.craigslist.org/nby/apa/d/rohnert-park-at-last-this-is-what-youve/6979841794.html,2019-09-16,09:23,$2850,rohnert pk / cotati,True,None,2,1551ft2
California,sfbay,nby,apts & housing for rent,6979838405,None,Lovely two bedroom,https://sfbay.craigslist.org/nby/apa/d/sebastopol-lovely-two-bedroom/6979838405.html,2019-09-16,09:19,$1675,sebastopol,True,None,2,775ft2
California,sfbay,nby,apts & housing for rent,6966225025,None,"Brand new 2 bed, 1.5 bath",https://sfbay.craigslist.org/nby/apa/d/rohnert-park-brand-new-2-bed-15-bath/6966225025.html,2019-09-16,09:19,$2250,rohnert pk / cotati,True,None,2,900ft2
California,sfbay,nby,apts & housing for rent,6966231390,None,"Brand new 2 bed, 1 bath",https://sfbay.craigslist.org/nby/apa/d/rohnert-park-brand-new-2-bed-1-bath/6966231390.html,2019-09-16,09:19,$2150,rohnert pk / cotati,True,None,2,850ft2
California,sfbay,nby,apts & housing for rent,6977993704,6925439422,Brand New Townhome Style Residences,https://sfbay.craigslist.org/nby/apa/d/sonoma-brand-new-townhome-style/6977993704.html,2019-09-16,09:18,$3000,sonoma,True,None,2,None
California,sfbay,nby,apts & housing for rent,6972293560,6286644231,Ideally Located Comfortable Duplex Unit Close to the Sonoma Square,https://sfbay.craigslist.org/nby/apa/d/ideally-located-comfortable-duplex-unit/6972293560.html,2019-09-16,09:18,$2000,sonoma,True,None,2,None
California,sfbay,nby,apts & housing for rent,6977398266,None,Furnished Single Level Condo Unit Close To Town,https://sfbay.craigslist.org/nby/apa/d/el-verano-furnished-single-level-condo/6977398266.html,2019-09-16,09:18,$1800,sonoma,True,None,2,None
California,sfbay,nby,apts & housing for rent,6977088715,5907963371,Newly Updated Upstairs Unit,https://sfbay.craigslist.org/nby/apa/d/newly-updated-upstairs-unit/6977088715.html,2019-09-16,09:18,$1550,sonoma,True,None,2,None
California,sfbay,nby,apts & housing for rent,6977995181,6925432283,Brand New Townhome Style Residences,https://sfbay.craigslist.org/nby/apa/d/sonoma-brand-new-townhome-style/6977995181.html,2019-09-16,09:18,$3500,sonoma,True,None,2,None
California,sfbay,nby,apts & housing for rent,6978001479,6914914139,Single Level Cute Home,https://sfbay.craigslist.org/nby/apa/d/sonoma-single-level-cute-home/6978001479.html,2019-09-16,09:17,$1900,sonoma,True,None,2,None
California,sfbay,nby,apts & housing for rent,6977802660,6720781822,BEAUTIFUL Townhome by SRJC - W&D in unit!!!,https://sfbay.craigslist.org/nby/apa/d/santa-rosa-beautiful-townhome-by-srjc/6977802660.html,2019-09-16,09:13,$2250,santa rosa,True,None,2,1000ft2
California,sfbay,nby,apts & housing for rent,6977803298,6533541180,Beautiful Remodeled Townhome JC Neighborhood!,https://sfbay.craigslist.org/nby/apa/d/santa-rosa-beautiful-remodeled-townhome/6977803298.html,2019-09-16,09:13,$2250,santa rosa,True,None,2,1000ft2
California,sfbay,nby,apts & housing for rent,6977805922,6720781822,BEAUTIFUL Townhome by SRJC - W&D in unit!!!,https://sfbay.craigslist.org/nby/apa/d/santa-rosa-beautiful-townhome-by-srjc/6977805922.html,2019-09-16,09:13,$2250,santa rosa,True,None,2,1000ft2
California,sfbay,nby,apts & housing for rent,6977753834,6945041019,upcoming 2 Bedroom/2 Bath apartment,https://sfbay.craigslist.org/nby/apa/d/san-rafael-upcoming-2-bedroom-2-bath/6977753834.html,2019-09-16,09:09,$2600,novato,True,None,2,None
California,sfbay,nby,apts & housing for rent,6977754496,6935952307,Beautiful 2 bedroom Apartment- Mid October,https://sfbay.craigslist.org/nby/apa/d/san-rafael-beautiful-2-bedroom/6977754496.html,2019-09-16,09:09,$2600,novato,True,None,2,1250ft2
California,sfbay,nby,apts & housing for rent,6977951623,6935952307,Beautiful 2 bedroom - Mid October,https://sfbay.craigslist.org/nby/apa/d/san-rafael-beautiful-2-bedroom-mid/6977951623.html,2019-09-16,09:09,$2600,novato,True,None,2,1100ft2
California,sfbay,nby,apts & housing for rent,6979822505,None,"Peaceful, private, perfect!, Large redwood decks, Majestic views",https://sfbay.craigslist.org/nby/apa/d/san-anselmo-peaceful-private-perfect/6979822505.html,2019-09-16,09:03,$3000,san anselmo,True,None,2,1060ft2
California,sfbay,nby,apts & housing for rent,6977834786,6960329438,"Sunny Terra Linda 2 Bed/1 Bath, Parking! Storage! Pool!",https://sfbay.craigslist.org/nby/apa/d/san-rafael-sunny-terra-linda-2-bed-1/6977834786.html,2019-09-16,09:03,$2295,san rafael,True,None,2,None
California,sfbay,nby,apts & housing for rent,6973003218,6322357727,"SINGLE LEVEL W/ HUGE BACKYARD, WOOD FLOOR, MUST SEE!",https://sfbay.craigslist.org/nby/apa/d/santa-rosa-single-level-huge-backyard/6973003218.html,2019-09-16,08:58,$2268,santa rosa,True,None,2,None
California,sfbay,nby,apts & housing for rent,6973504001,None,"Upper Hillside duplex, walking distance to downtown Guerneville",https://sfbay.craigslist.org/nby/apa/d/guerneville-upper-hillside-duplex/6973504001.html,2019-09-16,08:58,$1370,russian river,True,None,2,None
California,sfbay,nby,apts & housing for rent,6975117598,None,"2 bedroom, 1 bath, Remodeled In Quiet Building",https://sfbay.craigslist.org/nby/apa/d/rohnert-park-2-bedroom-1-bath-remodeled/6975117598.html,2019-09-16,08:57,$1750,rohnert pk / cotati,True,None,2,900ft2
California,sfbay,nby,apts & housing for rent,6979816566,None,Immediate Availability At Park Vue In Santa Rosa!,https://sfbay.craigslist.org/nby/apa/d/santa-rosa-immediate-availability-at/6979816566.html,2019-09-16,08:57,$1999,santa rosa,True,None,2,896ft2
California,sfbay,nby,apts & housing for rent,6966787527,None,Fully furnished short term riverfront home avail 10/01-04/30,https://sfbay.craigslist.org/nby/apa/d/guerneville-fully-furnished-short-term/6966787527.html,2019-09-16,08:57,$2750,russian river,True,None,2,1038ft2
California,sfbay,nby,apts & housing for rent,6965701648,None,"Home located 1/2 mile west of Guerneville, W/D hook-ups, large yard",https://sfbay.craigslist.org/nby/apa/d/rio-nido-home-located-1-2-mile-west-of/6965701648.html,2019-09-16,08:56,$1950,russian river,True,None,2,1045ft2
California,sfbay,nby,apts & housing for rent,6967232020,6942309925,Charming 2 bedroom apartment in Calistoga!,https://sfbay.craigslist.org/nby/apa/d/calistoga-charming-2-bedroom-apartment/6967232020.html,2019-09-16,08:55,$2000,sonoma,True,None,2,900ft2
California,sfbay,nby,apts & housing for rent,6978072783,5902573657,2 Bedroom Apartment in Rohnert Park!,https://sfbay.craigslist.org/nby/apa/d/rohnert-park-2-bedroom-apartment-in/6978072783.html,2019-09-16,08:54,$1750,rohnert pk / cotati,True,None,2,1000ft2
California,sfbay,nby,apts & housing for rent,6975245553,None,"1st Floor, Plank Flooring, W/D, A/C, Upgraded, Waterfront View!",https://sfbay.craigslist.org/nby/apa/d/petaluma-1st-floor-plank-flooring-d-c/6975245553.html,2019-09-16,08:53,$2629,petaluma,True,None,2,1022ft2
California,sfbay,nby,apts & housing for rent,6975978386,6957262528,Townhouse on Lund Hill Lane with Pool,https://sfbay.craigslist.org/nby/apa/d/cotati-townhouse-on-lund-hill-lane-with/6975978386.html,2019-09-16,08:40,$1900,rohnert pk / cotati,True,None,2,None
California,sfbay,nby,apts & housing for rent,6972728696,4895606467,Free Wi-Fi Garden Apt Granite Hardwood Floors Walk 2 Safeway School 3,https://sfbay.craigslist.org/nby/apa/d/santa-rosa-free-wi-fi-garden-apt/6972728696.html,2019-09-16,08:39,$2062,santa rosa,True,None,2,900ft2
California,sfbay,nby,apts & housing for rent,6973243671,None,"NEW LISTING!2BR+ DEN/OFFICE OR BR, BIG DECK, BAY VIEWS!",https://sfbay.craigslist.org/nby/apa/d/corte-madera-new-listing2br-den-office/6973243671.html,2019-09-16,08:38,$4300,mill valley,True,None,2,1600ft2
California,sfbay,nby,apts & housing for rent,6977981743,5629676865,"COMING SOON! GERSTLE PK 2BR, MANY NEW FEATURES! WALK TO DOWNTOWN!",https://sfbay.craigslist.org/nby/apa/d/kentfield-coming-soon-gerstle-pk-2br/6977981743.html,2019-09-16,08:38,$2700,san rafael,True,None,2,None
California,sfbay,nby,apts & housing for rent,6976620210,None,Charming home in lovely neighborhood,https://sfbay.craigslist.org/nby/apa/d/santa-rosa-charming-home-in-lovely/6976620210.html,2019-09-16,08:37,$2400,santa rosa,True,None,2,1057ft2
California,sfbay,nby,apts & housing for rent,6967572997,None,8190 Arthur St- Wonderful Remodel 2 Bedroom Home With A Great Office!,https://sfbay.craigslist.org/nby/apa/d/cotati-8190-arthur-st-wonderful-remodel/6967572997.html,2019-09-16,08:29,$2250,rohnert pk / cotati,True,None,2,1000ft2
California,sfbay,nby,apts & housing for rent,6971227783,None,21 Union St- Beautiful Westside Home With Classic Finishes!,https://sfbay.craigslist.org/nby/apa/d/petaluma-21-union-st-beautiful-westside/6971227783.html,2019-09-16,08:29,$2300,petaluma,True,None,2,1461ft2
California,sfbay,nby,apts & housing for rent,6972308683,None,15 Liberty Ln- Wonderful Townhome on the Westside with Community Pool!,https://sfbay.craigslist.org/nby/apa/d/petaluma-15-liberty-ln-wonderful/6972308683.html,2019-09-16,08:29,$2600,petaluma,True,None,2,1389ft2
California,sfbay,nby,apts & housing for rent,6978165897,None,1380 Eastman Ln- Darling Rural 2/1 Property With Garden beds! Must See,https://sfbay.craigslist.org/nby/apa/d/petaluma-1380-eastman-ln-darling-rural/6978165897.html,2019-09-16,08:26,$2700,petaluma,True,None,2,806ft2
California,sfbay,nby,apts & housing for rent,6979776775,6819917481,Townhome available now!!! 1st MONTH FREE!!!,https://sfbay.craigslist.org/nby/apa/d/eldridge-townhome-available-now-1st/6979776775.html,2019-09-16,08:15,$2200,sonoma,True,None,2,1000ft2
California,sfbay,nby,apts & housing for rent,6979774530,6801900144,Fully remodeled ground floor unit!!! 1st MONTH FREE!!,https://sfbay.craigslist.org/nby/apa/d/eldridge-fully-remodeled-ground-floor/6979774530.html,2019-09-16,08:12,$2150,sonoma,True,None,2,750ft2
California,sfbay,nby,apts & housing for rent,6979774157,6801900144,Ground floor unit coming soon!!!,https://sfbay.craigslist.org/nby/apa/d/eldridge-ground-floor-unit-coming-soon/6979774157.html,2019-09-16,08:12,$2150,sonoma,True,None,2,750ft2
California,sfbay,nby,apts & housing for rent,6979773247,6801900144,Upstairs 2 bedroom unit now available!!! First month Free!!!,https://sfbay.craigslist.org/nby/apa/d/boyes-hot-springs-upstairs-2-bedroom/6979773247.html,2019-09-16,08:11,$2100,sonoma,True,None,2,750ft2
California,sfbay,nby,apts & housing for rent,6979772833,6801900144,Fully remodeled ground floor unit!!!,https://sfbay.craigslist.org/nby/apa/d/boyes-hot-springs-fully-remodeled/6979772833.html,2019-09-16,08:10,$2150,sonoma,True,None,2,750ft2
California,sfbay,nby,apts & housing for rent,6979772537,6801900144,Fully remodeled top floor unit!!! !,https://sfbay.craigslist.org/nby/apa/d/boyes-hot-springs-fully-remodeled-top/6979772537.html,2019-09-16,08:10,$2125,sonoma,True,None,2,750ft2
California,sfbay,nby,apts & housing for rent,6979765930,6969393263,"Two bedroom one bath, short term lease!",https://sfbay.craigslist.org/nby/apa/d/rohnert-park-two-bedroom-one-bath-short/6979765930.html,2019-09-16,08:03,$2004,rohnert pk / cotati,True,None,2,749ft2
California,sfbay,nby,apts & housing for rent,6976661914,None,"Immediate Freeway Access, Large Floor Plans, Bosch Appliances",https://sfbay.craigslist.org/nby/apa/d/novato-immediate-freeway-access-large/6976661914.html,2019-09-16,07:59,$3972,novato,True,None,2,1368ft2
California,sfbay,nby,apts & housing for rent,6978251416,None,"Public Parks Nearby, Stainless Steel Appliances, Tile Backsplash",https://sfbay.craigslist.org/nby/apa/d/novato-public-parks-nearby-stainless/6978251416.html,2019-09-16,07:31,$3265,None,True,None,2,922ft2
California,sfbay,nby,apts & housing for rent,6979722952,4306648179,2br/1ba Large Unit/Large private deck,https://sfbay.craigslist.org/nby/apa/d/san-rafael-2br-1ba-large-unit-large/6979722952.html,2019-09-16,07:12,$2275,san rafael,True,None,2,1200ft2
California,sfbay,nby,apts & housing for rent,6958651094,6574372296,Exceptional 2 Bedroom Condo $1995,https://sfbay.craigslist.org/nby/apa/d/santa-rosa-exceptional-2-bedroom-condo/6958651094.html,2019-09-16,07:00,$1995,santa rosa,True,None,2,1046ft2
California,sfbay,nby,apts & housing for rent,6962490905,6574372296,Beautiful 2 Bedroom Condo $1795,https://sfbay.craigslist.org/nby/apa/d/santa-rosa-beautiful-2-bedroom-condo/6962490905.html,2019-09-16,06:59,$1795,santa rosa,True,None,2,888ft2
California,sfbay,nby,apts & housing for rent,6979670621,6972766965,$ 2000 MO. 2 BED/1 BATH DUPLEX W/ 2 CAR GARAGE,https://sfbay.craigslist.org/nby/apa/d/santa-rosa-mo-2-bed-1-bath-duplex-2-car/6979670621.html,2019-09-16,05:54,$2000,santa rosa,True,None,2,875ft2
California,sfbay,nby,apts & housing for rent,6978155173,None,"Vaulted Ceilings, Sparkling Pool, 1 & 2 Bedroom Townhomes",https://sfbay.craigslist.org/nby/apa/d/napa-vaulted-ceilings-sparkling-pool-1/6978155173.html,2019-09-16,03:38,$2255,Napa,True,None,2,870ft2
California,sfbay,nby,apts & housing for rent,6973539933,None,BEAUTIFULLY RENOVATED IN A GORGEOUS LOCATION!,https://sfbay.craigslist.org/nby/apa/d/novato-beautifully-renovated-in/6973539933.html,2019-09-16,03:14,$3205,None,True,None,2,886ft2
California,sfbay,nby,apts & housing for rent,6976746711,None,"Laundry Facility, Playground, 1 & 2 Bedroom Townhomes",https://sfbay.craigslist.org/nby/apa/d/napa-laundry-facility-playground-1-2/6976746711.html,2019-09-16,01:37,$2185,Napa,True,None,2,870ft2
California,sfbay,nby,apts & housing for rent,6976594423,None,OPEN THIS SATURDAY 9/14/19 LOOK AND LEASE SPECIAL $300 OFF MOVE IN,https://sfbay.craigslist.org/nby/apa/d/napa-open-this-saturday-look-and-lease/6976594423.html,2019-09-15,23:27,$2290,Napa,True,None,2,870ft2
California,sfbay,nby,apts & housing for rent,6975079520,None,"Tear Drop Lighting, Pool Side Community BBQ, Quartz Countertops",https://sfbay.craigslist.org/nby/apa/d/santa-rosa-tear-drop-lighting-pool-side/6975079520.html,2019-09-15,23:08,$2360,None,True,None,2,1021ft2
California,sfbay,nby,apts & housing for rent,6971771657,None,2br / 1ba - Apartment - 1135 Slater Street Unit 15,https://sfbay.craigslist.org/nby/apa/d/santa-rosa-2br-1ba-apartment-slater/6971771657.html,2019-09-15,22:06,$1705,santa rosa,True,None,2,None
California,sfbay,nby,apts & housing for rent,6979585275,None,Spacious Lower Level Home Near St. Helena Hospital,https://sfbay.craigslist.org/nby/apa/d/deer-park-spacious-lower-level-home/6979585275.html,2019-09-15,21:32,$2300,napa county,True,None,2,None
California,sfbay,nby,apts & housing for rent,6975221770,None,OPEN HOUSE THIS SATURDAY 9/14/19 STOP BY FROM 9AM TO 3PM,https://sfbay.craigslist.org/nby/apa/d/napa-open-house-this-saturday-stop-by/6975221770.html,2019-09-15,21:15,$2290,Napa,True,None,2,870ft2
California,sfbay,nby,apts & housing for rent,6979578510,None,2 bdr/2bth upper level unit for rent,https://sfbay.craigslist.org/nby/apa/d/rohnert-park-2-bdr-2bth-upper-level/6979578510.html,2019-09-15,21:03,$2050,rohnert pk / cotati,True,None,2,950ft2
California,sfbay,nby,apts & housing for rent,6979572853,None,Valle Vista Senior Community,https://sfbay.craigslist.org/nby/apa/d/santa-rosa-valle-vista-senior-community/6979572853.html,2019-09-15,20:42,$1800,santa rosa,True,None,2,1440ft2
California,sfbay,nby,apts & housing for rent,6972645589,6929257872,Beautiful Country House in St. Helena -- FOR RENT,https://sfbay.craigslist.org/nby/apa/d/saint-helena-beautiful-country-house-in/6972645589.html,2019-09-15,19:11,$3100,None,True,None,2,None
California,sfbay,nby,apts & housing for rent,6976712247,None,"State of the art Business Center, High Ceilings, Soothing Spa",https://sfbay.craigslist.org/nby/apa/d/santa-rosa-state-of-the-art-business/6976712247.html,2019-09-15,19:05,$2350,None,True,None,2,995ft2
California,sfbay,nby,apts & housing for rent,6976744455,None,SPECTACULAR LOCATION W/ALL OF THE BELLS & WHISTLES!,https://sfbay.craigslist.org/nby/apa/d/novato-spectacular-location-all-of-the/6976744455.html,2019-09-15,19:00,$3525,None,True,None,2,1215ft2
California,sfbay,nby,apts & housing for rent,6977220016,None,San Geronimo Valley Fairfax Woodacre Lagunitas,https://sfbay.craigslist.org/nby/apa/d/lagunitas-san-geronimo-valley-fairfax/6977220016.html,2019-09-15,18:43,$2100,west marin,True,None,2,None
California,sfbay,nby,apts & housing for rent,6979514497,6904970699,"$ 2,200 - Charming 2-Bedroom in Old Petaluma near Downtown",https://sfbay.craigslist.org/nby/apa/d/petaluma-charming-2-bedroom-in-old/6979514497.html,2019-09-15,18:06,$2200,petaluma,True,None,2,700ft2
California,sfbay,nby,apts & housing for rent,6979504207,None,Beautiful 2 BR with laundry,https://sfbay.craigslist.org/nby/apa/d/santa-rosa-beautiful-2-br-with-laundry/6979504207.html,2019-09-15,17:44,$2000,santa rosa,True,None,2,810ft2
California,sfbay,nby,apts & housing for rent,6979492821,None,"Library with Computer Center, 24-Hour Fitness Center, Smoke-Free",https://sfbay.craigslist.org/nby/apa/d/rohnert-park-library-with-computer/6979492821.html,2019-09-15,17:21,$2145,rohnert pk / cotati,True,None,2,980ft2
California,sfbay,nby,apts & housing for rent,6979487976,None,Ask us how to get 6 weeks free!,https://sfbay.craigslist.org/nby/apa/d/napa-ask-us-how-to-get-6-weeks-free/6979487976.html,2019-09-15,17:20,$3321,napa county,True,None,2,None
California,sfbay,nby,apts & housing for rent,6979485200,None,Celebrate your new apartment with a perfect GIFT,https://sfbay.craigslist.org/nby/apa/d/napa-celebrate-your-new-apartment-with/6979485200.html,2019-09-15,17:06,$2499,napa county,True,None,2,932ft2
California,sfbay,nby,apts & housing for rent,6979482838,5889745267,2x1  Enjoy our pools and clubhouses just steps away from the ferry!,https://sfbay.craigslist.org/nby/apa/d/san-quentin-2x1-enjoy-our-pools-and/6979482838.html,2019-09-15,17:01,$3610,larkspur,True,None,2,896ft2
California,sfbay,nby,apts & housing for rent,6979482397,6870157488,2/2  Your new home awaits in Sunny Larkspur! Call to tour!,https://sfbay.craigslist.org/nby/apa/d/san-quentin-2-2-your-new-home-awaits-in/6979482397.html,2019-09-15,17:01,$3760,larkspur,True,None,2,946ft2
California,sfbay,nby,apts & housing for rent,6976672049,None,GORGEOUS LOCATION W/ IN HOME WASHER/DRYER & GARAGE!,https://sfbay.craigslist.org/nby/apa/d/novato-gorgeous-location-in-home-washer/6976672049.html,2019-09-15,16:59,$3245,None,True,None,2,922ft2
California,sfbay,nby,apts & housing for rent,6975061201,None,"Brush Nickel Finish on Fixtures, Disposal, Refrigerator",https://sfbay.craigslist.org/nby/apa/d/napa-brush-nickel-finish-on-fixtures/6975061201.html,2019-09-15,16:52,$2185,Napa,True,None,2,870ft2
California,sfbay,nby,apts & housing for rent,6971734377,6964053958,updated apartment - flat mate needed,https://sfbay.craigslist.org/nby/apa/d/seattle-updated-apartment-flat-mate/6971734377.html,2019-09-15,16:50,$1300,novato,True,None,2,908ft2
California,sfbay,nby,apts & housing for rent,6979471242,6495559071,"2BD, 2BA *Top Floor*End Unit*RESORT AMENITIES*",https://sfbay.craigslist.org/nby/apa/d/corte-madera-2bd-2ba-top-floorend/6979471242.html,2019-09-15,16:39,$4640,tiburon / belvedere,True,None,2,1020ft2
California,sfbay,nby,apts & housing for rent,6979463925,None,Make your dreams come true!,https://sfbay.craigslist.org/nby/apa/d/santa-rosa-make-your-dreams-come-true/6979463925.html,2019-09-15,16:36,$2099,santa rosa,True,None,2,880ft2
California,sfbay,nby,apts & housing for rent,6974566446,None,Nice Napa Cottage for Rent,https://sfbay.craigslist.org/nby/apa/d/napa-nice-napa-cottage-for-rent/6974566446.html,2019-09-15,16:01,$2200,napa county,True,None,2,None
California,sfbay,nby,apts & housing for rent,6975066170,None,Adorable Home in Northeast Santa Rosa w/Detached 2 Car Garage!,https://sfbay.craigslist.org/nby/apa/d/santa-rosa-adorable-home-in-northeast/6975066170.html,2019-09-15,16:00,$2250,santa rosa,True,None,2,900ft2
California,sfbay,nby,apts & housing for rent,6979433794,None,Wake up in your new home! 2 bedroom 1.5 bath,https://sfbay.craigslist.org/nby/apa/d/santa-rosa-wake-up-in-your-new-home-2/6979433794.html,2019-09-15,15:33,$2199,santa rosa,True,None,2,880ft2
California,sfbay,nby,apts & housing for rent,6979426819,None,"GORGEOUSLY UPDATED 2X2-DESIGNER APPLIANCES, COUNTERS AND PAINT",https://sfbay.craigslist.org/nby/apa/d/santa-rosa-gorgeously-updated-2x2/6979426819.html,2019-09-15,15:21,$2414,santa rosa,True,None,2,None
California,sfbay,nby,apts & housing for rent,6979425564,None,"Public Parks Nearby, Crown Molding, Quartz Countertops",https://sfbay.craigslist.org/nby/apa/d/santa-rosa-public-parks-nearby-crown/6979425564.html,2019-09-15,15:19,$2390,None,True,None,2,995ft2
California,sfbay,nby,apts & housing for rent,6979417586,6250602056,CARETAKE in EXCHANGE for help creating healthy gardens where you live!,https://sfbay.craigslist.org/nby/apa/d/caretake-in-exchange-for-help-creating/6979417586.html,2019-09-15,15:06,$0,Healdsburg,True,None,2,1600ft2
California,sfbay,nby,apts & housing for rent,6979416509,None,house in Rincon valley $2550 2br - 700ft2 - Furnished 2 BR 1Bath,https://sfbay.craigslist.org/nby/apa/d/santa-rosa-house-in-rincon-valley-br/6979416509.html,2019-09-15,15:04,$2550,santa rosa,True,None,2,700ft2
California,sfbay,nby,apts & housing for rent,6979414457,6250602056,Seeking Organic Farming Couple to Caretake Country Property,https://sfbay.craigslist.org/nby/apa/d/healdsburg-seeking-organic-farming/6979414457.html,2019-09-15,15:01,$0,Outside Healdsburg,True,None,2,None
California,sfbay,nby,apts & housing for rent,6979410069,6851899767,Partially furnished - 2 b/1.5 bath with great views,https://sfbay.craigslist.org/nby/apa/d/healdsburg-partially-furnished-bath/6979410069.html,2019-09-15,14:54,$3000,healdsburg / windsor,True,None,2,1600ft2
California,sfbay,nby,apts & housing for rent,6977800435,None,OPEN THIS SATURDAY 9/14/19 STOP BY TO FIND YOUR NEW HOME!,https://sfbay.craigslist.org/nby/apa/d/napa-open-this-saturday-stop-by-to-find/6977800435.html,2019-09-15,14:49,$2185,Napa,True,None,2,870ft2
California,sfbay,nby,apts & housing for rent,6979404085,None,"*LAST DAY SPECIAL* $1,000 OFF MOVE-IN COST PLUS MONTH OF SEPTEMBER FREE",https://sfbay.craigslist.org/nby/apa/d/petaluma-last-day-special-1000-off-move/6979404085.html,2019-09-15,14:44,$2434,petaluma,True,None,2,None
California,sfbay,nby,apts & housing for rent,6973549991,None,GORGEOUS RENOVATIONS IN A BEAUTIFUL LOCATION!,https://sfbay.craigslist.org/nby/apa/d/novato-gorgeous-renovations-in/6973549991.html,2019-09-15,14:34,$3245,None,True,None,2,922ft2
California,sfbay,nby,apts & housing for rent,6979372143,None,Pick An Awesome Move-In Gift! 2 Bedroom 2 Bath Available SOON,https://sfbay.craigslist.org/nby/apa/d/napa-pick-an-awesome-move-in-gift-2/6979372143.html,2019-09-15,13:56,$2599,napa county,True,None,2,1136ft2
California,sfbay,nby,apts & housing for rent,6979369095,6973091276,Tiburon Waterview Home,https://sfbay.craigslist.org/nby/apa/d/belvedere-tiburon-tiburon-waterview-home/6979369095.html,2019-09-15,13:51,$3900,tiburon / belvedere,True,None,2,900ft2
California,sfbay,nby,apts & housing for rent,6979364200,None,Beautiful Creekside Cottages $1000-$1550,https://sfbay.craigslist.org/nby/apa/d/calistoga-beautiful-creekside-cottages/6979364200.html,2019-09-15,13:44,$1000,sonoma,True,None,2,None
California,sfbay,nby,apts & housing for rent,6979353787,6972965420,Maple Forest Retreat,https://sfbay.craigslist.org/nby/apa/d/cobb-maple-forest-retreat/6979353787.html,2019-09-15,13:28,$1300,lake county,True,None,2,None
California,sfbay,nby,apts & housing for rent,6979353631,6972962245,Cozy Creekside Cottage,https://sfbay.craigslist.org/nby/apa/d/calistoga-cozy-creekside-cottage/6979353631.html,2019-09-15,13:28,$1250,lake county,True,None,2,None
California,sfbay,nby,apts & housing for rent,6979351629,6964374302,"Beautiful panoramic valley & SF Bay views - 2 bdrm, 1.5 bath",https://sfbay.craigslist.org/nby/apa/d/mill-valley-beautiful-panoramic-valley/6979351629.html,2019-09-15,13:25,$4250,mill valley,True,None,2,1150ft2
California,sfbay,nby,apts & housing for rent,6979343467,None,Log Home For Rent In Calistoga,https://sfbay.craigslist.org/nby/apa/d/calistoga-log-home-for-rent-in-calistoga/6979343467.html,2019-09-15,13:21,$1795,napa county,True,None,2,800ft2
California,sfbay,nby,apts & housing for rent,6979345393,None,Move In Now and Get the Rest of September for FREE!,https://sfbay.craigslist.org/nby/apa/d/santa-rosa-move-in-now-and-get-the-rest/6979345393.html,2019-09-15,13:16,$2109,santa rosa,True,None,2,783ft2
California,sfbay,nby,apts & housing for rent,6979344491,6812328902,2 Bdrm/1 Ba Duplex 2-car Garage,https://sfbay.craigslist.org/nby/apa/d/santa-rosa-2-bdrm-1-ba-duplex-2-car/6979344491.html,2019-09-15,13:15,$1900,santa rosa,True,None,2,1180ft2
California,sfbay,nby,apts & housing for rent,6979341695,None,You'll Fall Over From Excitement When You See This 2 Bedroom!,https://sfbay.craigslist.org/nby/apa/d/santa-rosa-youll-fall-over-from/6979341695.html,2019-09-15,13:10,$2545,santa rosa,True,None,2,1042ft2
California,sfbay,nby,apts & housing for rent,6973520492,None,"Large Walk In Closets, High Ceilings, Inviting Clubhouse",https://sfbay.craigslist.org/nby/apa/d/santa-rosa-large-walk-in-closets-high/6973520492.html,2019-09-15,12:46,$2360,None,True,None,2,995ft2
California,sfbay,nby,apts & housing for rent,6979317971,6870157488,2/2  Your new home awaits in Sunny Larkspur! Call to tour!,https://sfbay.craigslist.org/nby/apa/d/san-quentin-2-2-your-new-home-awaits-in/6979317971.html,2019-09-15,12:36,$3810,larkspur,True,None,2,946ft2
California,sfbay,nby,apts & housing for rent,6979317299,6943559624,"Townhouse on the lake. Private, great view, easy access to amenities!",https://sfbay.craigslist.org/nby/apa/d/san-quentin-townhouse-on-the-lake/6979317299.html,2019-09-15,12:35,$3980,larkspur,True,None,2,1096ft2
California,sfbay,nby,apts & housing for rent,6972394404,4894115373,Free Wi-Fi Garden Apt Granite Hardwood Floors Walk 2 Safeway School 2,https://sfbay.craigslist.org/nby/apa/d/free-wi-fi-garden-apt-granite-hardwood/6972394404.html,2019-09-15,12:15,$2062,santa rosa,True,None,2,900ft2
California,sfbay,nby,apts & housing for rent,6975965700,None,Wake up in your new home! 2 bedroom 1.5 bath,https://sfbay.craigslist.org/nby/apa/d/santa-rosa-wake-up-in-your-new-home-2/6975965700.html,2019-09-15,12:04,$2099,santa rosa,True,None,2,880ft2
California,sfbay,nby,apts & housing for rent,6971648472,None,"Cat 5 Wiring, Additional Parking Spaces Available, Large Floor Plans",https://sfbay.craigslist.org/nby/apa/d/novato-cat-5-wiring-additional-parking/6971648472.html,2019-09-15,12:03,$3776,novato,True,None,2,1495ft2
California,sfbay,nby,apts & housing for rent,6979293090,6973741735,Cozy 2 bedroom house,https://sfbay.craigslist.org/nby/apa/d/forestville-cozy-2-bedroom-house/6979293090.html,2019-09-15,12:00,$1800,russian river,True,None,2,None
California,sfbay,nby,apts & housing for rent,6974887022,None,"Fully Equipped Fitness Center, Recreation Room, Refrigerator",https://sfbay.craigslist.org/nby/apa/d/santa-rosa-fully-equipped-fitness/6974887022.html,2019-09-15,11:28,$2350,None,True,None,2,1021ft2
California,sfbay,nby,apts & housing for rent,6975939538,None,"Come Tour With Renaissances Today!! Close Knit Neighborhood, W/D",https://sfbay.craigslist.org/nby/apa/d/santa-rosa-come-tour-with-renaissances/6975939538.html,2019-09-15,11:27,$2360,None,True,None,2,1021ft2
California,sfbay,nby,apts & housing for rent,6975845696,None,"Spacious Pantry, Large Walk In Closets, Carport",https://sfbay.craigslist.org/nby/apa/d/santa-rosa-spacious-pantry-large-walk/6975845696.html,2019-09-15,11:27,$2420,None,True,None,2,1021ft2
California,sfbay,nby,apts & housing for rent,6969365008,None,"Available Now!!!!!Washer & Dryer, Stainless Steel Appliances, Dog Park",https://sfbay.craigslist.org/nby/apa/d/santa-rosa-available-nowwasher-dryer/6969365008.html,2019-09-15,11:24,$2360,None,True,None,2,1021ft2
California,sfbay,nby,apts & housing for rent,6979261512,None,Beautiful old farmhouse near D/T Cotati & Petaluma,https://sfbay.craigslist.org/nby/apa/d/penngrove-beautiful-old-farmhouse-near/6979261512.html,2019-09-15,11:16,$2550,petaluma,True,None,2,1150ft2
California,sfbay,nby,apts & housing for rent,6979249436,None,Now Available at the Lone Palm Court Apartments: 2-Bedroom,https://sfbay.craigslist.org/nby/apa/d/kentfield-now-available-at-the-lone/6979249436.html,2019-09-15,11:00,$2600,san rafael,True,None,2,630ft2
California,sfbay,nby,apts & housing for rent,6975490091,None,Spacious 2 Bedroom 1.5 Bath Townhouse-Style Apartment For Rent,https://sfbay.craigslist.org/nby/apa/d/greenbrae-spacious-2-bedroom-15-bath/6975490091.html,2019-09-15,10:57,$2995,greenbrae,True,None,2,1250ft2
California,sfbay,nby,apts & housing for rent,6979247083,None,2BR/2BA Home w/ Appliances Available Today,https://sfbay.craigslist.org/nby/apa/d/petaluma-2br-2ba-home-appliances/6979247083.html,2019-09-15,10:57,$2739,petaluma,True,None,2,1128ft2
California,sfbay,nby,apts & housing for rent,6969187058,6946080402,1ba - Apartment - 327 South E Street Unit C,https://sfbay.craigslist.org/nby/apa/d/santa-rosa-1ba-apartment-south-street/6969187058.html,2019-09-15,10:55,$1850,santa rosa,True,None,2,None
California,sfbay,nby,apts & housing for rent,6976298049,None,"Sparkling Pool, Professional On Site Management, Laundry Facility",https://sfbay.craigslist.org/nby/apa/d/napa-sparkling-pool-professional-on/6976298049.html,2019-09-15,10:34,$2185,Napa,True,None,2,870ft2
California,sfbay,nby,apts & housing for rent,6979231013,6973722038,House S.R. Bush Street 2 Bed 2 Bath,https://sfbay.craigslist.org/nby/apa/d/santa-rosa-house-sr-bush-street-2-bed-2/6979231013.html,2019-09-15,10:34,$2500,santa rosa,True,None,2,1190ft2
California,sfbay,nby,apts & housing for rent,6979225158,None,❤️LUXURY DESIGNER ECO / NON TOXIC FARMHOUSE IN SEBASTOPOL❤️,https://sfbay.craigslist.org/nby/apa/d/graton-luxury-designer-eco-non-toxic/6979225158.html,2019-09-15,10:26,$3900,sebastopol,True,None,2,900ft2
California,sfbay,nby,apts & housing for rent,6967312888,None,"BEAUTIFULLY RENOVATED, SPACIOUS WALK IN CLOSET AND BREATHTAKING VIEWS!",https://sfbay.craigslist.org/nby/apa/d/novato-beautifully-renovated-spacious/6967312888.html,2019-09-15,10:23,$3105,None,True,None,2,886ft2
California,sfbay,nby,apts & housing for rent,6979218771,None,2br 2.5ba spacious Condo,https://sfbay.craigslist.org/nby/apa/d/santa-rosa-2br-25ba-spacious-condo/6979218771.html,2019-09-15,10:16,$2200,santa rosa,True,None,2,None
California,sfbay,nby,apts & housing for rent,6961732225,None,Charming house 2 bdrm home surrounded by nature,https://sfbay.craigslist.org/nby/apa/d/san-anselmo-charming-house-2-bdrm-home/6961732225.html,2019-09-15,10:16,$3150,san anselmo,True,None,2,None
California,sfbay,nby,apts & housing for rent,6979218273,6870157488,2/2  Your new home awaits in Sunny Larkspur! Call to tour!,https://sfbay.craigslist.org/nby/apa/d/san-quentin-2-2-your-new-home-awaits-in/6979218273.html,2019-09-15,10:16,$3760,larkspur,True,None,2,946ft2
California,sfbay,nby,apts & housing for rent,6974027559,6878259614,Oakmont Spacious,https://sfbay.craigslist.org/nby/apa/d/kenwood-oakmont-spacious/6974027559.html,2019-09-15,09:33,$2600,santa rosa,True,None,2,None
California,sfbay,nby,apts & housing for rent,6979176164,None,"*SPECIAL* $1,000 OFF MOVE-IN COST PLUS THE MONTH OF SEPTEMBER FREE - OPEN HOUSE ",https://sfbay.craigslist.org/nby/apa/d/petaluma-special-1000-off-move-in-cost/6979176164.html,2019-09-15,09:13,$2408,petaluma,True,None,2,None
California,sfbay,nby,apts & housing for rent,6979175895,4404090949,Parkway Terrace Townhouse,https://sfbay.craigslist.org/nby/apa/d/ross-parkway-terrace-townhouse/6979175895.html,2019-09-15,09:13,$2975,san rafael,True,None,2,1107ft2
California,sfbay,nby,apts & housing for rent,6973363314,4072239132,Bay Views and Close to Calendia,https://sfbay.craigslist.org/nby/apa/d/sausalito-bay-views-and-close-to/6973363314.html,2019-09-15,08:36,$3100,sausalito,True,None,2,None
California,sfbay,nby,apts & housing for rent,6979145414,6964713372,Boyes Springs Home near highway 12,https://sfbay.craigslist.org/nby/apa/d/el-verano-boyes-springs-home-near/6979145414.html,2019-09-15,08:27,$2250,sonoma,True,None,2,850ft2
California,sfbay,nby,apts & housing for rent,6971640060,None,GORGEOUS LOCATION W/ IN HOME WASHER/DRYER & GARAGE!,https://sfbay.craigslist.org/nby/apa/d/novato-gorgeous-location-in-home-washer/6971640060.html,2019-09-15,08:21,$3105,None,True,None,2,886ft2
California,sfbay,nby,apts & housing for rent,6977440330,6945041019,SECTION 8 Accepted- Check us out!!!,https://sfbay.craigslist.org/nby/apa/d/san-rafael-section-8-accepted-check-us/6977440330.html,2019-09-15,07:55,$2600,novato,True,None,2,None
California,sfbay,nby,apts & housing for rent,6967383949,None,"SPECTACULAR VIEWS, VAULTED CEILINGS & GAS FIREPLACE!",https://sfbay.craigslist.org/nby/apa/d/novato-spectacular-views-vaulted/6967383949.html,2019-09-15,06:14,$3245,None,True,None,2,922ft2
California,sfbay,nby,apts & housing for rent,6972046334,None,"Dog Park, Heated Lap Pool/Spa, Washer/Dryer, S.S. Appliances",https://sfbay.craigslist.org/nby/apa/d/santa-rosa-dog-park-heated-lap-pool-spa/6972046334.html,2019-09-15,04:23,$2360,None,True,None,2,995ft2
California,sfbay,nby,apts & housing for rent,6971649575,None,SPECTACULAR LOCATION W/ALL OF THE BELLS & WHISTLES!,https://sfbay.craigslist.org/nby/apa/d/novato-spectacular-location-all-of-the/6971649575.html,2019-09-15,04:03,$3245,None,True,None,2,922ft2
California,sfbay,nby,apts & housing for rent,6966138342,None,BRAND NEW RENOVATION!  VAULTED CEILINGS & GAS FIREPLACE!,https://sfbay.craigslist.org/nby/apa/d/novato-brand-new-renovation-vaulted/6966138342.html,2019-09-15,02:00,$3245,None,True,None,2,922ft2
California,sfbay,nby,apts & housing for rent,6971756037,None,2 Bedroom 1 Bath Apartment in Kentfield,https://sfbay.craigslist.org/nby/apa/d/greenbrae-2-bedroom-1-bath-apartment-in/6971756037.html,2019-09-15,01:00,$2995,kentfield / ross,True,None,2,950ft2
California,sfbay,nby,apts & housing for rent,6969797161,6796117022,"Large 2 Bedroom Apartment in Lakeport with Amazing lake view,nice area",https://sfbay.craigslist.org/nby/apa/d/lakeport-large-2-bedroom-apartment-in/6969797161.html,2019-09-15,00:51,$1050,lake county,True,None,2,800ft2
California,sfbay,nby,apts & housing for rent,6969797590,6796118927,"Large 2 Bedroom Apartment in Lakeport with Amazing lake view,nice area",https://sfbay.craigslist.org/nby/apa/d/lakeport-large-2-bedroom-apartment-in/6969797590.html,2019-09-15,00:51,$1050,mendocino county,True,None,2,800ft2
California,sfbay,nby,apts & housing for rent,6979019307,6952598123,Modern Split Level 2 Bedroom/1.5 Bath Corner Townhouse,https://sfbay.craigslist.org/nby/apa/d/san-rafael-modern-split-level-2-bedroom/6979019307.html,2019-09-15,00:31,$2745,san rafael,True,None,2,850ft2
California,sfbay,nby,apts & housing for rent,6979016907,6961650297,St. Helena FURNISHED (just bring your toothbrush!),https://sfbay.craigslist.org/nby/apa/d/deer-park-st-helena-furnished-just/6979016907.html,2019-09-15,00:07,$3200,None,True,None,2,1200ft2
California,sfbay,nby,apts & housing for rent,6966134211,None,SPACIOUS LAYOUT WITH WALK IN CLOSET!,https://sfbay.craigslist.org/nby/apa/d/novato-spacious-layout-with-walk-in/6966134211.html,2019-09-14,23:58,$3205,None,True,None,2,886ft2
California,sfbay,nby,apts & housing for rent,6961878325,None,Find the space you need with this gorgeous 2 bedroom 2 bath,https://sfbay.craigslist.org/nby/apa/d/novato-find-the-space-you-need-with/6961878325.html,2019-09-14,23:13,$3791,novato,True,None,2,1495ft2
California,sfbay,nby,apts & housing for rent,6979010658,6972766965,$ 2000 MO. 2 BED/1 BATH DUPLEX W/ 2 CAR GARAGE,https://sfbay.craigslist.org/nby/apa/d/santa-rosa-mo-2-bed-1-bath-duplex-2-car/6979010658.html,2019-09-14,23:13,$2000,santa rosa,True,None,2,875ft2
California,sfbay,nby,apts & housing for rent,6964654556,3978419480,Private/quiet Duplex in the Redwoods,https://sfbay.craigslist.org/nby/apa/d/private-quiet-duplex-in-the-redwoods/6964654556.html,2019-09-14,22:34,$1700,russian river,True,None,2,700ft2
California,sfbay,nby,apts & housing for rent,6974322629,None,"High Ceilings, Pool Side Community BBQ, Full-Size Washer & Dryer",https://sfbay.craigslist.org/nby/apa/d/santa-rosa-high-ceilings-pool-side/6974322629.html,2019-09-14,21:47,$2360,None,True,None,2,1021ft2
California,sfbay,nby,apts & housing for rent,6977480019,None,Open House This Saturday 9/14/19 From 9am to 3pm,https://sfbay.craigslist.org/nby/apa/d/napa-open-house-this-saturday-from-9am/6977480019.html,2019-09-14,21:32,$2255,Napa,True,None,2,870ft2
California,sfbay,nby,apts & housing for rent,6978976994,None,"Furnished, 2Bdrm, 3B + Master retreat & lg studio",https://sfbay.craigslist.org/nby/apa/d/healdsburg-furnished-2bdrm-3b-master/6978976994.html,2019-09-14,20:17,$5500,healdsburg / windsor,True,None,2,1870ft2
California,sfbay,nby,apts & housing for rent,6975236750,None,Fabulous Newly Remodeled 2 Bedroom Home with Carport and Porch!,https://sfbay.craigslist.org/nby/apa/d/santa-rosa-fabulous-newly-remodeled-2/6975236750.html,2019-09-14,20:03,$2350,santa rosa,True,None,2,1850ft2
California,sfbay,nby,apts & housing for rent,6968815863,4871044307,READY TO RENT-- Home in quiet North Napa neighborhood,https://sfbay.craigslist.org/nby/apa/d/ready-to-rent-home-in-quiet-north-napa/6968815863.html,2019-09-14,18:49,$2500,napa county,True,None,2,1394ft2
California,sfbay,nby,apts & housing for rent,6978945879,6288544656,Mill Valley 2Bed.-1Bath. Lower unit- October 1st.,https://sfbay.craigslist.org/nby/apa/d/mill-valley-mill-valley-2bed-1bath/6978945879.html,2019-09-14,18:36,$2675,mill valley,True,None,2,None
California,sfbay,nby,apts & housing for rent,6978945767,None,Corte Madera Duplex,https://sfbay.craigslist.org/nby/apa/d/corte-madera-corte-madera-duplex/6978945767.html,2019-09-14,18:36,$3350,corte madera,True,None,2,1300ft2
California,sfbay,nby,apts & housing for rent,6962490797,6063303612,"Cute Top Floor, Convenient Location, Walk to Plaza!",https://sfbay.craigslist.org/nby/apa/d/cute-top-floor-convenient-location-walk/6962490797.html,2019-09-14,18:06,$1945,santa rosa,True,None,2,None
California,sfbay,nby,apts & housing for rent,6971766813,6063303612,"Lovely 2x1 Hidden Gem, Close to Square! Parking Included",https://sfbay.craigslist.org/nby/apa/d/lovely-2x1-hidden-gem-close-to-square/6971766813.html,2019-09-14,18:04,$1945,sonoma,True,None,2,None
California,sfbay,nby,apts & housing for rent,6978930659,6964400553,Home Sweet Home,https://sfbay.craigslist.org/nby/apa/d/el-verano-home-sweet-home/6978930659.html,2019-09-14,17:58,$2500,sonoma,True,None,2,849ft2
California,sfbay,nby,apts & housing for rent,6977308594,None,Big Island Kitchen & Brand New Hard Surface Flooring Throughout!!,https://sfbay.craigslist.org/nby/apa/d/san-rafael-big-island-kitchen-brand-new/6977308594.html,2019-09-14,17:55,$3138,san rafael,True,None,2,1150ft2
California,sfbay,nby,apts & housing for rent,6978927774,None,2 Bdrm 2.5 Bath Townhome available SOON!,https://sfbay.craigslist.org/nby/apa/d/san-rafael-2-bdrm-25-bath-townhome/6978927774.html,2019-09-14,17:51,$3155,san rafael,True,None,2,1150ft2
California,sfbay,nby,apts & housing for rent,6978926282,None,"Dishwasher, Carport, Inviting Clubhouse",https://sfbay.craigslist.org/nby/apa/d/santa-rosa-dishwasher-carport-inviting/6978926282.html,2019-09-14,17:47,$2390,None,True,None,2,995ft2
California,sfbay,nby,apts & housing for rent,6977464234,None,ENORMOUS  LAYOUT W/ BEAUTIFUL RENOVATIONS!,https://sfbay.craigslist.org/nby/apa/d/novato-enormous-layout-beautiful/6977464234.html,2019-09-14,17:42,$3525,None,True,None,2,1215ft2
California,sfbay,nby,apts & housing for rent,6978919470,None,"*SPECIAL* $1,000 OFF MOVE-IN COST PLUS THE MONTH OF SEPTEMBER FREE",https://sfbay.craigslist.org/nby/apa/d/petaluma-special-1000-off-move-in-cost/6978919470.html,2019-09-14,17:32,$2343,petaluma,True,None,2,None
California,sfbay,nby,apts & housing for rent,6975838423,None,STOP BY THIS SATURDAY 9/14/19,https://sfbay.craigslist.org/nby/apa/d/napa-stop-by-this-saturday/6975838423.html,2019-09-14,17:22,$2185,Napa,True,None,2,870ft2
California,sfbay,nby,apts & housing for rent,6961102428,None,Spacious 2 bedroom with lots of natural lighting,https://sfbay.craigslist.org/nby/apa/d/petaluma-spacious-2-bedroom-with-lots/6961102428.html,2019-09-14,17:22,$3006,petaluma,True,None,2,1237ft2
California,sfbay,nby,apts & housing for rent,6978912924,6967501739,"OPEN HOUSE – Tuesday, September 17th 2pm to 7pm + Thursday, September",https://sfbay.craigslist.org/nby/apa/d/santa-rosa-open-house-tuesday-september/6978912924.html,2019-09-14,17:17,$2095,santa rosa,True,None,2,854ft2
California,sfbay,nby,apts & housing for rent,6978912727,6967501739,"OPEN HOUSE – Tuesday, September 17th 2pm to 7pm + Thursday, September",https://sfbay.craigslist.org/nby/apa/d/santa-rosa-open-house-tuesday-september/6978912727.html,2019-09-14,17:16,$2095,santa rosa,True,None,2,854ft2
California,sfbay,nby,apts & housing for rent,6978912439,6967501739,"OPEN HOUSE – Tuesday, September 17th 2pm to 7pm + Thursday, September",https://sfbay.craigslist.org/nby/apa/d/santa-rosa-open-house-tuesday-september/6978912439.html,2019-09-14,17:16,$2095,santa rosa,True,None,2,854ft2
California,sfbay,nby,apts & housing for rent,6978912075,6967501739,"$500 OFF 1st Month!See it in person! Sept 17th, 2-7pm - 19th, 9am-1pm",https://sfbay.craigslist.org/nby/apa/d/santa-rosa-500-off-1st-monthsee-it-in/6978912075.html,2019-09-14,17:15,$2095,santa rosa,True,None,2,854ft2
California,sfbay,nby,apts & housing for rent,6978911822,6967501739,"$500 OFF 1st Month!See it in person! Sept 17th, 2-7pm - 19th, 9am-1pm",https://sfbay.craigslist.org/nby/apa/d/santa-rosa-500-off-1st-monthsee-it-in/6978911822.html,2019-09-14,17:15,$2095,santa rosa,True,None,2,854ft2
California,sfbay,nby,apts & housing for rent,6977454791,None,"High Ceilings, Faux Wood Flooring, Electric Fireplaces",https://sfbay.craigslist.org/nby/apa/d/santa-rosa-high-ceilings-faux-wood/6977454791.html,2019-09-14,17:12,$2390,None,True,None,2,995ft2
California,sfbay,nby,apts & housing for rent,6978908129,6973666429,2BR/1BA Apt Now Open!,https://sfbay.craigslist.org/nby/apa/d/petaluma-2br-1ba-apt-now-open/6978908129.html,2019-09-14,17:07,$2413,petaluma,True,None,2,879ft2
California,sfbay,nby,apts & housing for rent,6978891062,None,"Stunning renovated 2 bed, 1 bath! Gorgeous floors, kitchens, & more",https://sfbay.craigslist.org/nby/apa/d/petaluma-stunning-renovated-2-bed-1/6978891062.html,2019-09-14,17:03,$2165,petaluma,True,None,2,885ft2
California,sfbay,nby,apts & housing for rent,6978905470,None,"Visit Us Today, Retail Space, Patio or Deck",https://sfbay.craigslist.org/nby/apa/d/larkspur-visit-us-today-retail-space/6978905470.html,2019-09-14,17:01,$4150,corte madera,True,None,2,1100ft2
California,sfbay,nby,apts & housing for rent,6978904479,None,"REFINED, STYLISH, AND FABULOUS LOCATION!",https://sfbay.craigslist.org/nby/apa/d/santa-rosa-refined-stylish-and-fabulous/6978904479.html,2019-09-14,16:59,$2934,santa rosa,True,None,2,None
California,sfbay,nby,apts & housing for rent,6978900994,None,Lease Today To get This One-Time Special! Call And Book A Tour Now!,https://sfbay.craigslist.org/nby/apa/d/santa-rosa-lease-today-to-get-this-one/6978900994.html,2019-09-14,16:52,$2195,santa rosa,True,None,2,1117ft2
California,sfbay,nby,apts & housing for rent,6978900131,None,Move In Now and Get the Rest of September for FREE!,https://sfbay.craigslist.org/nby/apa/d/santa-rosa-move-in-now-and-get-the-rest/6978900131.html,2019-09-14,16:50,$2143,santa rosa,True,None,2,873ft2
California,sfbay,nby,apts & housing for rent,6978885470,None,Magnificent views await you at The Vineyard Luxury Apartments,https://sfbay.craigslist.org/nby/apa/d/petaluma-magnificent-views-await-you-at/6978885470.html,2019-09-14,16:30,$2165,petaluma,True,None,2,885ft2
California,sfbay,nby,apts & housing for rent,6977273063,None,BEAUTIFULLY RENOVATED IN A GORGEOUS LOCATION!,https://sfbay.craigslist.org/nby/apa/d/novato-beautifully-renovated-in/6977273063.html,2019-09-14,16:17,$3205,None,True,None,2,886ft2
California,sfbay,nby,apts & housing for rent,6978880315,None,BEAUTIFULLY APPOINTED 2X2 QUARTZ KITCHEN AND BATH,https://sfbay.craigslist.org/nby/apa/d/santa-rosa-beautifully-appointed-2x2/6978880315.html,2019-09-14,16:12,$2414,santa rosa,True,None,2,None
California,sfbay,nby,apts & housing for rent,6966174538,6791739177,Looking for a pet friendly place to live? Come down and check us out!,https://sfbay.craigslist.org/nby/apa/d/rohnert-park-looking-for-pet-friendly/6966174538.html,2019-09-14,16:11,$2706,rohnert pk / cotati,True,None,2,1191ft2
California,sfbay,nby,apts & housing for rent,6978879407,None,SPECTACULAR LOCATION W/ALL OF THE BELLS & WHISTLES!,https://sfbay.craigslist.org/nby/apa/d/novato-spectacular-location-all-of-the/6978879407.html,2019-09-14,16:11,$3305,None,True,None,2,922ft2
California,sfbay,nby,apts & housing for rent,6978877755,None,Feel at home your first night! Fall in love with your 2 BR / 1 BA!,https://sfbay.craigslist.org/nby/apa/d/petaluma-feel-at-home-your-first-night/6978877755.html,2019-09-14,16:08,$2295,petaluma,True,None,2,1028ft2
California,sfbay,nby,apts & housing for rent,6978876819,None,Ahhh... what a place! Live in comfort at The Vineyard Luxury Apartment,https://sfbay.craigslist.org/nby/apa/d/petaluma-ahhh-what-place-live-in/6978876819.html,2019-09-14,16:06,$2165,petaluma,True,None,2,885ft2
California,sfbay,nby,apts & housing for rent,6978876625,None,This Wonderful 2 Bedroom Could Be Yours!  Just Apply NOW!,https://sfbay.craigslist.org/nby/apa/d/santa-rosa-this-wonderful-2-bedroom/6978876625.html,2019-09-14,16:06,$2551,santa rosa,True,None,2,1042ft2
California,sfbay,nby,apts & housing for rent,6978872967,None,Prepare for the Day in This 2BR/2BA Floor Plan with Spacious Closets!,https://sfbay.craigslist.org/nby/apa/d/petaluma-prepare-for-the-day-in-this/6978872967.html,2019-09-14,16:00,$2694,petaluma,True,None,2,1040ft2
California,sfbay,nby,apts & housing for rent,6967399911,4725283629,"Vista Del Robles Apts., *MOVE IN SPECIAL!* Water & Garbage Paid",https://sfbay.craigslist.org/nby/apa/d/santa-rosa-vista-del-robles-apts-move/6967399911.html,2019-09-14,15:58,$1900,santa rosa,True,None,2,None
California,sfbay,nby,apts & housing for rent,6970721509,4868801695,Move In Special!! 1600 Yulupa Avenue,https://sfbay.craigslist.org/nby/apa/d/santa-rosa-move-in-special-1600-yulupa/6970721509.html,2019-09-14,15:58,$1895,santa rosa,True,None,2,None
California,sfbay,nby,apts & housing for rent,6965921450,5995297246,Townhouse on Russell Avenue,https://sfbay.craigslist.org/nby/apa/d/santa-rosa-townhouse-on-russell-avenue/6965921450.html,2019-09-14,15:58,$1850,santa rosa,True,None,2,None
California,sfbay,nby,apts & housing for rent,6968027559,4799604069,Hillside Apartments,https://sfbay.craigslist.org/nby/apa/d/sebastopol-hillside-apartments/6968027559.html,2019-09-14,15:58,$1850,sebastopol,True,None,2,None
California,sfbay,nby,apts & housing for rent,6967399547,6235435868,"Brand New 2 Bedroom, 2 Bath at Esposti Park Apts.",https://sfbay.craigslist.org/nby/apa/d/windsor-brand-new-2-bedroom-2-bath-at/6967399547.html,2019-09-14,15:58,$2150,healdsburg / windsor,True,None,2,None
California,sfbay,nby,apts & housing for rent,6978866221,None,"Crown Molding, Microwave, Carpeting",https://sfbay.craigslist.org/nby/apa/d/santa-rosa-crown-molding-microwave/6978866221.html,2019-09-14,15:48,$2390,None,True,None,2,995ft2
California,sfbay,nby,apts & housing for rent,6978865781,None,ENORMOUS  LAYOUT W/ BEAUTIFUL RENOVATIONS!,https://sfbay.craigslist.org/nby/apa/d/novato-enormous-layout-beautiful/6978865781.html,2019-09-14,15:47,$3570,None,True,None,2,1215ft2
California,sfbay,nby,apts & housing for rent,6978859863,None,Cozy Country Cottage,https://sfbay.craigslist.org/nby/apa/d/petaluma-cozy-country-cottage/6978859863.html,2019-09-14,15:37,$2400,petaluma,True,None,2,1200ft2
California,sfbay,nby,apts & housing for rent,6975597221,None,OPEN HOUSE SATURDAY 9/14/19,https://sfbay.craigslist.org/nby/apa/d/napa-open-house-saturday/6975597221.html,2019-09-14,15:20,$2290,Napa,True,None,2,870ft2
California,sfbay,nby,apts & housing for rent,6964381881,6936542990,2br / 1ba - Apartment - 327 South E Street Unit C,https://sfbay.craigslist.org/nby/apa/d/santa-rosa-2br-1ba-apartment-south/6964381881.html,2019-09-14,15:13,$1850,santa rosa,True,None,2,None
California,sfbay,nby,apts & housing for rent,6978842999,None,2br / 1.5ba - Condo - 351 Wall Place,https://sfbay.craigslist.org/nby/apa/d/santa-rosa-2br-15ba-condo-wall-place/6978842999.html,2019-09-14,15:12,$1650,santa rosa,True,None,2,998ft2
California,sfbay,nby,apts & housing for rent,6978834003,None,Beautiful grounds are waiting for you at The Vineyard Luxury Apartment,https://sfbay.craigslist.org/nby/apa/d/petaluma-beautiful-grounds-are-waiting/6978834003.html,2019-09-14,15:06,$2165,petaluma,True,None,2,885ft2
California,sfbay,nby,apts & housing for rent,6972198779,None,Spacious 2 Bed/1 Bath Apartment - Newly Remodeled - Available NOW!,https://sfbay.craigslist.org/nby/apa/d/rohnert-park-spacious-2-bed-1-bath/6972198779.html,2019-09-14,14:58,$2045,rohnert pk / cotati,True,None,2,889ft2
California,sfbay,nby,apts & housing for rent,6972167312,None,Large Remodeled 2 Bed/1 Bath Apartment Available at Citadel!,https://sfbay.craigslist.org/nby/apa/d/rohnert-park-large-remodeled-2-bed-1/6972167312.html,2019-09-14,14:58,$2045,rohnert pk / cotati,True,None,2,889ft2
California,sfbay,nby,apts & housing for rent,6978835608,None,Newly Renovated 2BR/2BA with Stainless Steel Appliances,https://sfbay.craigslist.org/nby/apa/d/rohnert-park-newly-renovated-2br-2ba/6978835608.html,2019-09-14,14:57,$2063,rohnert pk / cotati,True,None,2,831ft2
California,sfbay,nby,apts & housing for rent,6972183322,None,Remodeled 2 Bed/1 Bath Rohnert Park Apartment Available Soon!,https://sfbay.craigslist.org/nby/apa/d/rohnert-park-remodeled-2-bed-1-bath/6972183322.html,2019-09-14,14:57,$2095,rohnert pk / cotati,True,None,2,None
California,sfbay,nby,apts & housing for rent,6978835182,None,1028 Sq Ft 2 Bed / 1.5 Bath! Our gorgeous views won't disappoint!,https://sfbay.craigslist.org/nby/apa/d/petaluma-1028-sq-ft-2-bed-15-bath-our/6978835182.html,2019-09-14,14:57,$2295,petaluma,True,None,2,1028ft2
California,sfbay,nby,apts & housing for rent,6971960731,5774393668,Free Wi-Fi Garden Apt Granite Hardwood Floors Walk 2 Safeway School 11,https://sfbay.craigslist.org/nby/apa/d/free-wi-fi-garden-apt-granite-hardwood/6971960731.html,2019-09-14,14:53,$2062,santa rosa,True,None,2,900ft2
California,sfbay,nby,apts & housing for rent,6978815742,None,Play a game of tennis at The Vineyard Luxury Apartments! Tennis Court,https://sfbay.craigslist.org/nby/apa/d/petaluma-play-game-of-tennis-at-the/6978815742.html,2019-09-14,14:50,$2395,petaluma,True,None,2,1028ft2
California,sfbay,nby,apts & housing for rent,6978814699,None,"Stunning renovated 2 bed, 1 bath! Gorgeous floors, kitchens, & more",https://sfbay.craigslist.org/nby/apa/d/petaluma-stunning-renovated-2-bed-1/6978814699.html,2019-09-14,14:48,$2165,petaluma,True,None,2,885ft2
California,sfbay,nby,apts & housing for rent,6978813586,None,"Detached Garage, Second Floor, Six Weeks Free Rent, Call To Tour Today",https://sfbay.craigslist.org/nby/apa/d/napa-detached-garage-second-floor-six/6978813586.html,2019-09-14,14:29,$3063,napa county,True,None,2,None
California,sfbay,nby,apts & housing for rent,6977276628,None,GORGEOUS RENOVATIONS IN A BEAUTIFUL LOCATION!,https://sfbay.craigslist.org/nby/apa/d/novato-gorgeous-renovations-in/6977276628.html,2019-09-14,14:09,$3245,None,True,None,2,922ft2
California,sfbay,nby,apts & housing for rent,6978801204,None,"Package Concierge, Tear Drop Lighting, Media Room",https://sfbay.craigslist.org/nby/apa/d/santa-rosa-package-concierge-tear-drop/6978801204.html,2019-09-14,14:07,$2390,None,True,None,2,995ft2
California,sfbay,nby,apts & housing for rent,6978797826,6038355757,Central Old Town Sebastopol house for rent,https://sfbay.craigslist.org/nby/apa/d/central-old-town-sebastopol-house-for/6978797826.html,2019-09-14,14:02,$2100,sebastopol,True,None,2,850ft2
California,sfbay,nby,apts & housing for rent,6972070644,None,"STUNNING NEWLY RENOVATED 2BR -W/D, POOL, SPA, GYM - TOUR TODAY!!",https://sfbay.craigslist.org/nby/apa/d/santa-rosa-stunning-newly-renovated-2br/6972070644.html,2019-09-14,14:00,$2430,None,True,None,2,1021ft2
California,sfbay,nby,apts & housing for rent,6973764314,None,"Designer Interior Features, Scenic Mountain Views, Inviting Clubhouse",https://sfbay.craigslist.org/nby/apa/d/santa-rosa-designer-interior-features/6973764314.html,2019-09-14,14:00,$2360,None,True,None,2,1021ft2
California,sfbay,nby,apts & housing for rent,6975601906,None,"Guest Parking Available, Microwave, Recreation Room",https://sfbay.craigslist.org/nby/apa/d/santa-rosa-guest-parking-available/6975601906.html,2019-09-14,14:00,$1920,None,True,None,2,1021ft2
California,sfbay,nby,apts & housing for rent,6975717172,None,"Electric Fireplaces, Private Patio/Balcony, Tear Drop Lighting",https://sfbay.craigslist.org/nby/apa/d/santa-rosa-electric-fireplaces-private/6975717172.html,2019-09-14,14:00,$2350,None,True,None,2,1021ft2
California,sfbay,nby,apts & housing for rent,6974489530,6956177622,"2 Bd 1.3 bath, pool, deck, in-unit private laundry",https://sfbay.craigslist.org/nby/apa/d/novato-2-bd-13-bath-pool-deck-in-unit/6974489530.html,2019-09-14,13:58,$2450,novato,True,None,2,1000ft2
California,sfbay,nby,apts & housing for rent,6978794781,None,Great Experiences Are Just Around The Corner!,https://sfbay.craigslist.org/nby/apa/d/rohnert-park-great-experiences-are-just/6978794781.html,2019-09-14,13:58,$2403,rohnert pk / cotati,True,None,2,1076ft2
California,sfbay,nby,apts & housing for rent,6968865088,6689129832,"GRANITE, TRAVERTINE, STAINLESS, HARDWOODS, IMMACULATE",https://sfbay.craigslist.org/nby/apa/d/eldridge-granite-travertine-stainless/6968865088.html,2019-09-14,13:55,$2500,sonoma,True,None,2,None
California,sfbay,nby,apts & housing for rent,6978771296,6970691416,Two Bedroom Apartment Ready To Move In!,https://sfbay.craigslist.org/nby/apa/d/fulton-two-bedroom-apartment-ready-to/6978771296.html,2019-09-14,13:37,$2445,santa rosa,True,None,2,1118ft2
California,sfbay,nby,apts & housing for rent,6978776343,None,"Pool Side Community BBQ, Inviting Clubhouse, Full-Size Washer & Dryer",https://sfbay.craigslist.org/nby/apa/d/santa-rosa-pool-side-community-bbq/6978776343.html,2019-09-14,13:33,$2390,None,True,None,2,995ft2
California,sfbay,nby,apts & housing for rent,6978774137,None,A Must See Beautiful Two Bedroom With a View!,https://sfbay.craigslist.org/nby/apa/d/petaluma-must-see-beautiful-two-bedroom/6978774137.html,2019-09-14,13:30,$2738,petaluma,True,None,2,1181ft2
California,sfbay,nby,apts & housing for rent,6977270332,None,"Disposal, Expresso Wood Cabinets, Laundry Facility",https://sfbay.craigslist.org/nby/apa/d/napa-disposal-expresso-wood-cabinets/6977270332.html,2019-09-14,13:19,$2185,Napa,True,None,2,870ft2
California,sfbay,nby,apts & housing for rent,6966160237,None,"1st Floor, Plank Flooring, W/D, A/C, Upgraded, Waterfront, $1000 off!",https://sfbay.craigslist.org/nby/apa/d/petaluma-1st-floor-plank-flooring-d-c/6966160237.html,2019-09-14,13:10,$2779,petaluma,True,None,2,1022ft2
California,sfbay,nby,apts & housing for rent,6977280902,None,UNPARALLELED LIVING IN A BEAUTIFUL COMMUNITY!,https://sfbay.craigslist.org/nby/apa/d/novato-unparalleled-living-in-beautiful/6977280902.html,2019-09-14,13:08,$3525,None,True,None,2,1215ft2
California,sfbay,nby,apts & housing for rent,6978746305,None,AMAZING LOCATION IN A BEAUTIFUL APARTMENT HOME!,https://sfbay.craigslist.org/nby/apa/d/novato-amazing-location-in-beautiful/6978746305.html,2019-09-14,12:54,$3305,None,True,None,2,922ft2
California,sfbay,nby,apts & housing for rent,6976422231,6910784710,1 bath Condo,https://sfbay.craigslist.org/nby/apa/d/santa-rosa-1-bath-condo/6976422231.html,2019-09-14,12:45,$2000,santa rosa,True,None,2,None
California,sfbay,nby,apts & housing for rent,6978734086,None,"MASSIVE LUXURY PENTHOUSE W/ PRIVATE TERRACE: GREAT VIEW, AC & HARDWOOD",https://sfbay.craigslist.org/nby/apa/d/san-rafael-massive-luxury-penthouse/6978734086.html,2019-09-14,12:38,$6950,san rafael,True,None,2,2353ft2
California,sfbay,nby,apts & housing for rent,6978733656,None,Look And Lease Special $300 off Move In,https://sfbay.craigslist.org/nby/apa/d/napa-look-and-lease-special-300-off/6978733656.html,2019-09-14,12:38,$2290,Napa,True,None,2,870ft2
California,sfbay,nby,apts & housing for rent,6978733459,None,Coffee is on us!  Come claim your brand-new Keurig!,https://sfbay.craigslist.org/nby/apa/d/napa-coffee-is-on-us-come-claim-your/6978733459.html,2019-09-14,12:37,$2575,None,True,None,2,1136ft2
California,sfbay,nby,apts & housing for rent,6978733203,None,UPSCALE LIVING AT ITS BEST!,https://sfbay.craigslist.org/nby/apa/d/santa-rosa-upscale-living-at-its-best/6978733203.html,2019-09-14,12:37,$2934,santa rosa,True,None,2,None
California,sfbay,nby,apts & housing for rent,6978731825,None,"Come Visit Today, Smart Rent Smart Homes, Close to Downtown Santa Rosa",https://sfbay.craigslist.org/nby/apa/d/santa-rosa-come-visit-today-smart-rent/6978731825.html,2019-09-14,12:35,$2250,santa rosa,True,None,2,1009ft2
California,sfbay,nby,apts & housing for rent,6978730131,6951490277,Lovely Orchard Setting in Sebastopol,https://sfbay.craigslist.org/nby/apa/d/sebastopol-lovely-orchard-setting-in/6978730131.html,2019-09-14,12:33,$2200,sebastopol,True,None,2,1400ft2
California,sfbay,nby,apts & housing for rent,6978726068,None,PREMIUM QUALITY LIVING WITH RESORT AMENITIES,https://sfbay.craigslist.org/nby/apa/d/santa-rosa-premium-quality-living-with/6978726068.html,2019-09-14,12:28,$2479,santa rosa,True,None,2,None
California,sfbay,nby,apts & housing for rent,6976717310,None,Newly Updated 2 Bedroom in the Country,https://sfbay.craigslist.org/nby/apa/d/santa-rosa-newly-updated-2-bedroom-in/6976717310.html,2019-09-14,12:23,$2500,Santa Rosa,True,None,2,None
California,sfbay,nby,apts & housing for rent,6978719907,None,Coming Soon!!!2BD-1BA W/D in unit ! Pet Friendly!POOL !,https://sfbay.craigslist.org/nby/apa/d/san-rafael-coming-soon2bd-1ba-d-in-unit/6978719907.html,2019-09-14,12:21,$2900,san rafael,True,None,2,954ft2
California,sfbay,nby,apts & housing for rent,6978703843,None,Refresh your Address with REDUCED rates At The Meadows!!,https://sfbay.craigslist.org/nby/apa/d/santa-rosa-refresh-your-address-with/6978703843.html,2019-09-14,12:01,$2050,santa rosa,True,None,2,908ft2
California,sfbay,nby,apts & housing for rent,6978695988,None,Two-Bedroomed House- Fully Furnished,https://sfbay.craigslist.org/nby/apa/d/sebastopol-two-bedroomed-house-fully/6978695988.html,2019-09-14,11:52,$2500,sebastopol,True,None,2,900ft2
California,sfbay,nby,apts & housing for rent,6967928741,6425615035,FREE FIRST MONTH!! YOUR NEW APT IS WAITING FOR YOU TO MAKE IT HOME!!,https://sfbay.craigslist.org/nby/apa/d/santa-rosa-free-first-month-your-new/6967928741.html,2019-09-14,11:39,$2174,santa rosa,True,None,2,None
California,sfbay,nby,apts & housing for rent,6972801494,6425615035,RENT TODAY AND YOUR FIRST MONTH IS FREE!,https://sfbay.craigslist.org/nby/apa/d/santa-rosa-rent-today-and-your-first/6972801494.html,2019-09-14,11:36,$2124,santa rosa,True,None,2,None
California,sfbay,nby,apts & housing for rent,6977102481,5057418813,CHARMING JUNIOR COLLEGE AREA CRAFTSMAN HOME,https://sfbay.craigslist.org/nby/apa/d/charming-junior-college-area-craftsman/6977102481.html,2019-09-14,11:36,$2200,santa rosa,True,None,2,1124ft2
California,sfbay,nby,apts & housing for rent,6978649223,6942826808,1ba - Apartment - 327 South E Street Unit C,https://sfbay.craigslist.org/nby/apa/d/santa-rosa-1ba-apartment-south-street/6978649223.html,2019-09-14,11:10,$1850,santa rosa,True,None,2,None
California,sfbay,nby,apts & housing for rent,6978646342,None,"Wood Floors, Gas Range, Patio, Spacious Living Room & More!",https://sfbay.craigslist.org/nby/apa/d/santa-rosa-wood-floors-gas-range-patio/6978646342.html,2019-09-14,11:07,$2249,santa rosa,True,None,2,1000ft2
California,sfbay,nby,apts & housing for rent,6978655763,None,A 2X1 PET-FRIENDLY APARTMENT NEAR DOWNTOWN & SMART STATION,https://sfbay.craigslist.org/nby/apa/d/rohnert-park-2x1-pet-friendly-apartment/6978655763.html,2019-09-14,11:06,$1899,rohnert pk / cotati,True,None,2,749ft2
California,sfbay,nby,apts & housing for rent,6978626052,None,"2 BR, 1 BA. Bring your pets! They will love it here! Visit us today!",https://sfbay.craigslist.org/nby/apa/d/petaluma-2-br-1-ba-bring-your-pets-they/6978626052.html,2019-09-14,11:00,$2295,petaluma,True,None,2,1028ft2
California,sfbay,nby,apts & housing for rent,6978638095,None,Lease Today And Get Your First Month Free! Call Today To Book A Tour!,https://sfbay.craigslist.org/nby/apa/d/santa-rosa-lease-today-and-get-your/6978638095.html,2019-09-14,10:47,$2195,santa rosa,True,None,2,1117ft2
California,sfbay,nby,apts & housing for rent,6978624317,None,Beautiful grounds are waiting for you at The Vineyard Luxury Apartment,https://sfbay.craigslist.org/nby/apa/d/petaluma-beautiful-grounds-are-waiting/6978624317.html,2019-09-14,10:43,$2165,petaluma,True,None,2,885ft2
California,sfbay,nby,apts & housing for rent,6978627204,None,2BR/1.25BA Home in a Community with a Fitness Center and a Pool,https://sfbay.craigslist.org/nby/apa/d/rohnert-park-2br-125ba-home-in/6978627204.html,2019-09-14,10:35,$1949,rohnert pk / cotati,True,None,2,795ft2
California,sfbay,nby,apts & housing for rent,6971227569,6191103958,Free Wi-Fi Garden Apt Granite Hardwood Floors Walk 2 Safeway School 10,https://sfbay.craigslist.org/nby/apa/d/free-wi-fi-garden-apt-granite-hardwood/6971227569.html,2019-09-14,10:34,$2062,santa rosa,True,None,2,900ft2
California,sfbay,nby,apts & housing for rent,6978619758,None,Do You Like A Lot of SPACE?!? Well We Have That Here at ACACIA!!,https://sfbay.craigslist.org/nby/apa/d/santa-rosa-do-you-like-lot-of-space/6978619758.html,2019-09-14,10:27,$2365,santa rosa,True,None,2,1036ft2
California,sfbay,nby,apts & housing for rent,6978611219,None,"GORGEOUSLY UPDATED 2X2-DESIGNER APPLIANCES, COUNTERS AND PAINT",https://sfbay.craigslist.org/nby/apa/d/santa-rosa-gorgeously-updated-2x2/6978611219.html,2019-09-14,10:17,$2339,santa rosa,True,None,2,None
California,sfbay,nby,apts & housing for rent,6978610754,None,"High Speed Cable and Internet Ready, Electric Fireplaces, Carport",https://sfbay.craigslist.org/nby/apa/d/santa-rosa-high-speed-cable-and/6978610754.html,2019-09-14,10:17,$2390,None,True,None,2,1021ft2
California,sfbay,nby,apts & housing for rent,6978608746,None,Move In Now and Get the Rest of September for FREE!,https://sfbay.craigslist.org/nby/apa/d/santa-rosa-move-in-now-and-get-the-rest/6978608746.html,2019-09-14,10:14,$1959,santa rosa,True,None,2,780ft2
California,sfbay,nby,apts & housing for rent,6966727508,4871044307,READY TO RENT-- Home in quiet North Napa neighborhood,https://sfbay.craigslist.org/nby/apa/d/ready-to-rent-home-in-quiet-north-napa/6966727508.html,2019-09-14,10:10,$2500,napa county,True,None,2,1394ft2
California,sfbay,nby,apts & housing for rent,6966738368,4871044307,READY TO RENT-- Home in quiet North Napa neighborhood,https://sfbay.craigslist.org/nby/apa/d/ready-to-rent-home-in-quiet-north-napa/6966738368.html,2019-09-14,10:08,$2500,napa county,True,None,2,1394ft2
California,sfbay,nby,apts & housing for rent,6968244095,4871044307,READY TO RENT-- Home in quiet North Napa neighborhood,https://sfbay.craigslist.org/nby/apa/d/ready-to-rent-home-in-quiet-north-napa/6968244095.html,2019-09-14,10:04,$2500,napa county,True,None,2,1394ft2
California,sfbay,nby,apts & housing for rent,6978597898,None,Quaint 2 bdrm/2bath apt. With garden,https://sfbay.craigslist.org/nby/apa/d/san-rafael-quaint-2-bdrm-2bath-apt-with/6978597898.html,2019-09-14,10:03,$2900,san rafael,True,None,2,900ft2
California,sfbay,nby,apts & housing for rent,6978596814,None,$500 Off Move In Fees At Park Vue!!!,https://sfbay.craigslist.org/nby/apa/d/santa-rosa-500-off-move-in-fees-at-park/6978596814.html,2019-09-14,10:02,$1999,santa rosa,True,None,2,896ft2
California,sfbay,nby,apts & housing for rent,6978591008,None,Beautiful new furnished condo,https://sfbay.craigslist.org/nby/apa/d/santa-rosa-beautiful-new-furnished-condo/6978591008.html,2019-09-14,10:00,$2500,santa rosa,True,None,2,1100ft2
California,sfbay,nby,apts & housing for rent,6972928829,6425615035,♥ 1st MONTH FREE!! RESERVE YOUR HOME SWEET HOME TODAY ♥,https://sfbay.craigslist.org/nby/apa/d/santa-rosa-1st-month-free-reserve-your/6972928829.html,2019-09-14,09:17,$2174,santa rosa,True,None,2,None
California,sfbay,nby,apts & housing for rent,6968683308,6425615035,1ST MONTH FREE!! ♥ FALL IN LOVE WITH OAK CREEK TODAY ♥,https://sfbay.craigslist.org/nby/apa/d/santa-rosa-1st-month-free-fall-in-love/6968683308.html,2019-09-14,09:12,$2124,santa rosa,True,None,2,None
California,sfbay,nby,apts & housing for rent,6978545929,None,"All September Free Rent, Plus $1,000 Off Move In",https://sfbay.craigslist.org/nby/apa/d/petaluma-all-september-free-rent-plus/6978545929.html,2019-09-14,09:05,$2409,petaluma,True,None,2,917ft2
California,sfbay,nby,apts & housing for rent,6976558541,6783508860,Apartment for rent. Washer/Dryer in Unit. Gated Complex.,https://sfbay.craigslist.org/nby/apa/d/santa-rosa-apartment-for-rent-washer/6976558541.html,2019-09-14,09:04,$1760,santa rosa,True,None,2,765ft2
California,sfbay,nby,apts & housing for rent,6969412131,6191182590,"Spacious apartment home with private deck! $1,000 off!",https://sfbay.craigslist.org/nby/apa/d/ross-spacious-apartment-home-with/6969412131.html,2019-09-14,09:04,$2855,san rafael,True,None,2,1011ft2
California,sfbay,nby,apts & housing for rent,6978499729,6801900144,Ground floor unit coming soon,https://sfbay.craigslist.org/nby/apa/d/eldridge-ground-floor-unit-coming-soon/6978499729.html,2019-09-14,08:12,$2150,sonoma,True,None,2,750ft2
California,sfbay,nby,apts & housing for rent,6978497587,6801900144,Upstairs unit ready now!!! 1st month Free,https://sfbay.craigslist.org/nby/apa/d/boyes-hot-springs-upstairs-unit-ready/6978497587.html,2019-09-14,08:09,$2100,sonoma,True,None,2,750ft2
California,sfbay,nby,apts & housing for rent,6978497223,6819917481,Townhome available now!!!1st month free,https://sfbay.craigslist.org/nby/apa/d/eldridge-townhome-available-now1st/6978497223.html,2019-09-14,08:09,$2200,sonoma,True,None,2,1000ft2
California,sfbay,nby,apts & housing for rent,6978497018,6801900144,Fully remodeled ground floor unit avaialble now!!! 1st month free!!!,https://sfbay.craigslist.org/nby/apa/d/eldridge-fully-remodeled-ground-floor/6978497018.html,2019-09-14,08:08,$2150,sonoma,True,None,2,750ft2
California,sfbay,nby,apts & housing for rent,6978496701,6801900144,Fully remodeled ground floor unit avaialble now!!!,https://sfbay.craigslist.org/nby/apa/d/boyes-hot-springs-fully-remodeled/6978496701.html,2019-09-14,08:08,$2150,sonoma,True,None,2,750ft2
California,sfbay,nby,apts & housing for rent,6978496482,6801900144,Fully remodeled top floor unit avaialble now!!!,https://sfbay.craigslist.org/nby/apa/d/boyes-hot-springs-fully-remodeled-top/6978496482.html,2019-09-14,08:08,$2125,sonoma,True,None,2,750ft2
California,sfbay,nby,apts & housing for rent,6957456739,None,2bd/1ba Duplex For Rent,https://sfbay.craigslist.org/nby/apa/d/windsor-2bd-1ba-duplex-for-rent/6957456739.html,2019-09-14,07:50,$1950,healdsburg / windsor,True,None,2,1000ft2
California,sfbay,nby,apts & housing for rent,6978470053,978374182,Charming 2 Bedroom Victorian,https://sfbay.craigslist.org/nby/apa/d/napa-charming-2-bedroom-victorian/6978470053.html,2019-09-14,07:35,$2250,napa county,True,None,2,1500ft2
California,sfbay,nby,apts & housing for rent,6958248175,None,Updated 2bd/1ba upper end unit - Comm Solar heated Pool - FOUNDATION -,https://sfbay.craigslist.org/nby/apa/d/ross-updated-2bd-1ba-upper-end-unit/6958248175.html,2019-09-14,06:48,$2399,kentfield / ross,True,None,2,None
California,sfbay,nby,apts & housing for rent,6960694214,6933847496,Cozy 2bd/1ba lower pool side unit  - FOUNDATION-,https://sfbay.craigslist.org/nby/apa/d/ross-cozy-2bd-1ba-lower-pool-side-unit/6960694214.html,2019-09-14,06:48,$2299,kentfield / ross,True,None,2,None
California,sfbay,nby,apts & housing for rent,6969869517,6964667825,Tastefully Furnished 2bd/1ba upper flat - Views - FOUNDATION -,https://sfbay.craigslist.org/nby/apa/d/mill-valley-tastefully-furnished-2bd/6969869517.html,2019-09-14,06:48,$4800,mill valley,True,None,2,1200ft2
California,sfbay,nby,apts & housing for rent,6958306663,None,$1000 off ground floor 2 bedroom with a river view,https://sfbay.craigslist.org/nby/apa/d/petaluma-1000-off-ground-floor-2/6958306663.html,2019-09-14,01:56,$2769,petaluma,True,None,2,1022ft2
California,sfbay,nby,apts & housing for rent,6978357308,6934741057,Beautiful 2bed/1bath,https://sfbay.craigslist.org/nby/apa/d/santa-rosa-beautiful-2bed-1bath/6978357308.html,2019-09-14,01:44,$2100,santa rosa,True,None,2,900ft2
California,sfbay,nby,apts & housing for rent,6969613213,None,"Charming 1940´s Wine Country Cottage (SFD) w/Porches, Patio & Hot Tub",https://sfbay.craigslist.org/nby/apa/d/boyes-hot-springs-charming-1940s-wine/6969613213.html,2019-09-14,00:51,$3250,sonoma,True,None,2,None
California,sfbay,nby,apts & housing for rent,6978334738,6968322961,"Lower Single Level Unit - Two Bedroom, Two Full Bath",https://sfbay.craigslist.org/nby/apa/d/rohnert-park-lower-single-level-unit/6978334738.html,2019-09-13,22:36,$2100,rohnert pk / cotati,True,None,2,825ft2
California,sfbay,nby,apts & housing for rent,6978325554,6972337987,Mill Valley House With Large Fenced Back Yard,https://sfbay.craigslist.org/nby/apa/d/mill-valley-mill-valley-house-with/6978325554.html,2019-09-13,21:48,$3350,mill valley,True,None,2,1000ft2
California,sfbay,nby,apts & housing for rent,6978325006,None,"$2,800 / 2Bd/ 1Bath Single Level Duplex, Pet Friendly (Novato)",https://sfbay.craigslist.org/nby/apa/d/novato-bd-1bath-single-level-duplex-pet/6978325006.html,2019-09-13,21:46,$2800,novato,True,None,2,None
California,sfbay,nby,apts & housing for rent,6973941969,6958730946,Beautiful Townhome with Two Master Suites 2BD/2BA  PLUS Loft,https://sfbay.craigslist.org/nby/apa/d/sausalito-beautiful-townhome-with-two/6973941969.html,2019-09-13,21:24,$3650,sausalito,True,None,2,1056ft2
California,sfbay,nby,apts & housing for rent,6973941651,6855532220,"Spacious 2 Bedroom + 2nd floor Office/Den, Full & 1/2 bath, Novato",https://sfbay.craigslist.org/nby/apa/d/novato-spacious-2-bedroom-2nd-floor/6973941651.html,2019-09-13,21:24,$3150,novato,True,None,2,1250ft2
California,sfbay,nby,apts & housing for rent,6969914288,None,TWO BEDROOM WITH WATER VIEWS: ACROSS FROM BEACH!Remodeled!,https://sfbay.craigslist.org/nby/apa/d/san-quentin-two-bedroom-with-water/6969914288.html,2019-09-13,21:02,$2695,san rafael,True,None,2,None
California,sfbay,nby,apts & housing for rent,6969908424,6845474119,WATER VIEWS! TWO BEDROOMS! ACROSS FROM BEACH!Remodeled!,https://sfbay.craigslist.org/nby/apa/d/san-quentin-water-views-two-bedrooms/6969908424.html,2019-09-13,21:01,$2695,larkspur,True,None,2,None
California,sfbay,nby,apts & housing for rent,6967303615,4668034524,"Best SR Location! 2 BDRM / BEST LOCATION, LDRY, PARKING, DECK",https://sfbay.craigslist.org/nby/apa/d/kentfield-best-sr-location-2-bdrm-best/6967303615.html,2019-09-13,21:00,$2295,san rafael,True,None,2,None
California,sfbay,nby,apts & housing for rent,6978310110,None,Charming apartment in Gingerbread Victorian building,https://sfbay.craigslist.org/nby/apa/d/sausalito-charming-apartment-in/6978310110.html,2019-09-13,20:47,$2975,sausalito,True,None,2,1000ft2
California,sfbay,nby,apts & housing for rent,6978306208,4710918517,"Strawberry - 2 Bedroom, Great location!",https://sfbay.craigslist.org/nby/apa/d/strawberry-2-bedroom-great-location/6978306208.html,2019-09-13,20:33,$2600,mill valley,True,None,2,None
California,sfbay,nby,apts & housing for rent,6978291287,6865405089,Rohnert Park Large  2 Bedroom + Garage,https://sfbay.craigslist.org/nby/apa/d/rohnert-park-rohnert-park-large-2/6978291287.html,2019-09-13,19:46,$1750,rohnert pk / cotati,True,None,2,None
California,sfbay,nby,apts & housing for rent,6973676093,None,"2 bd/2 ba Light-filled, top floor condo close to water& shopping",https://sfbay.craigslist.org/nby/apa/d/sausalito-2-bd-2-ba-light-filled-top/6973676093.html,2019-09-13,19:04,$3400,sausalito,True,None,2,1000ft2
California,sfbay,nby,apts & housing for rent,6978266508,None,This is it! The ideal 2 bed 1.5 bath! Walking distance to the campus,https://sfbay.craigslist.org/nby/apa/d/petaluma-this-is-it-the-ideal-2-bed-15/6978266508.html,2019-09-13,18:48,$2295,petaluma,True,None,2,1028ft2
California,sfbay,nby,apts & housing for rent,6970998114,6945283485,2 bd 2 bath newly remodeled!,https://sfbay.craigslist.org/nby/apa/d/belvedere-tiburon-2-bd-2-bath-newly/6970998114.html,2019-09-13,18:48,$2795,tiburon / belvedere,True,None,2,1200ft2
California,sfbay,nby,apts & housing for rent,6978248202,None,"Top Floor, Vaulted Ceilings, Fireplace. $99 Deposit Special (oac).",https://sfbay.craigslist.org/nby/apa/d/san-rafael-top-floor-vaulted-ceilings/6978248202.html,2019-09-13,18:33,$2634,san rafael,True,None,2,848ft2
California,sfbay,nby,apts & housing for rent,6978252889,None,Enjoy the best of townhome living at The Vineyard Luxury Apartments,https://sfbay.craigslist.org/nby/apa/d/petaluma-enjoy-the-best-of-townhome/6978252889.html,2019-09-13,18:25,$2295,petaluma,True,None,2,1028ft2
California,sfbay,nby,apts & housing for rent,6978255821,None,2 Weeks Free!!! Apartment Available Now!!  Hurry in before it goes!!,https://sfbay.craigslist.org/nby/apa/d/santa-rosa-2-weeks-free-apartment/6978255821.html,2019-09-13,18:17,$2180,santa rosa,True,None,2,670ft2
California,sfbay,nby,apts & housing for rent,6978255414,None,Feel like royalty in our luxurious 2 BR / 1 BA! Call today!,https://sfbay.craigslist.org/nby/apa/d/petaluma-feel-like-royalty-in-our/6978255414.html,2019-09-13,18:16,$2165,petaluma,True,None,2,885ft2
California,sfbay,nby,apts & housing for rent,6973371311,6871418114,Beautiful BEACH  at “POINT SAN QUENTIN VILLAGE” ..,https://sfbay.craigslist.org/nby/apa/d/san-quentin-beautiful-beach-at-point/6973371311.html,2019-09-13,18:13,$3295,greenbrae,True,None,2,None
California,sfbay,nby,apts & housing for rent,6978250344,None,Premium Quality Community For The Choosy Clientele 2x2 Penthouse,https://sfbay.craigslist.org/nby/apa/d/santa-rosa-premium-quality-community/6978250344.html,2019-09-13,18:05,$2822,santa rosa,True,None,2,1100ft2
California,sfbay,nby,apts & housing for rent,6978238684,None,Resident events for all every month!,https://sfbay.craigslist.org/nby/apa/d/napa-resident-events-for-all-every-month/6978238684.html,2019-09-13,18:03,$3321,napa county,True,None,2,None
California,sfbay,nby,apts & housing for rent,6978249104,None,"Visit Your New Home, Spa, Easy Freeway Access",https://sfbay.craigslist.org/nby/apa/d/larkspur-visit-your-new-home-spa-easy/6978249104.html,2019-09-13,18:03,$4375,corte madera,True,None,2,1081ft2
California,sfbay,nby,apts & housing for rent,6968003632,6962017764,**2Br/2Ba upscale unit near downtown**Open House Sun 9/15  10am-12**,https://sfbay.craigslist.org/nby/apa/d/sausalito-2br-2ba-upscale-unit-near/6968003632.html,2019-09-13,17:55,$3150,sausalito,True,None,2,950ft2
California,sfbay,nby,apts & housing for rent,6978240314,None,"Easy Access To HWY, Restaurants, Coffee Shops, Gas Stations!",https://sfbay.craigslist.org/nby/apa/d/napa-easy-access-to-hwy-restaurants/6978240314.html,2019-09-13,17:45,$2575,None,True,None,2,1136ft2
California,sfbay,nby,apts & housing for rent,6978236648,6965233627,"$500 OFF 1st Month!See it in person! Sept 17th, 2-7pm - 19th, 9am-1pm!",https://sfbay.craigslist.org/nby/apa/d/santa-rosa-500-off-1st-monthsee-it-in/6978236648.html,2019-09-13,17:38,$2095,santa rosa,True,None,2,895ft2
California,sfbay,nby,apts & housing for rent,6978235209,6963882185,"See it in person! Sept 17th, 2-7pm - 19th, 9am-1pm!",https://sfbay.craigslist.org/nby/apa/d/santa-rosa-see-it-in-person-sept-17th-2/6978235209.html,2019-09-13,17:35,$2095,santa rosa,True,None,2,895ft2
California,sfbay,nby,apts & housing for rent,6978234897,6965233627,"See it in person! Sept 17th, 2-7pm - 19th, 9am-1pm!",https://sfbay.craigslist.org/nby/apa/d/santa-rosa-see-it-in-person-sept-17th-2/6978234897.html,2019-09-13,17:35,$2095,santa rosa,True,None,2,895ft2
California,sfbay,nby,apts & housing for rent,6978234374,6963882185,"OPEN HOUSE – Tuesday, September 17th 2pm to 7pm + Thursday, September",https://sfbay.craigslist.org/nby/apa/d/santa-rosa-open-house-tuesday-september/6978234374.html,2019-09-13,17:34,$2095,santa rosa,True,None,2,895ft2
California,sfbay,nby,apts & housing for rent,6967607352,None,"1st Floor, Plank Flooring, W/D, A/C, Upgraded, Waterfront, $1000 off!",https://sfbay.craigslist.org/nby/apa/d/petaluma-1st-floor-plank-flooring-d-c/6967607352.html,2019-09-13,17:33,$2779,petaluma,True,None,2,1022ft2
California,sfbay,nby,apts & housing for rent,6978232693,6965233627,"OPEN HOUSE – Tuesday, September 17th 2pm to 7pm + Thursday, September",https://sfbay.craigslist.org/nby/apa/d/santa-rosa-open-house-tuesday-september/6978232693.html,2019-09-13,17:31,$2095,santa rosa,True,None,2,895ft2
California,sfbay,nby,apts & housing for rent,6978232097,6963882185,Now Available Near SRJC - $500 off one-month of rent,https://sfbay.craigslist.org/nby/apa/d/santa-rosa-now-available-near-srjc-off/6978232097.html,2019-09-13,17:30,$2095,santa rosa,True,None,2,895ft2
California,sfbay,nby,apts & housing for rent,6971562377,None,Adorable Ross Home with Treehouse Feel and Bonus Room! -PRANDI,https://sfbay.craigslist.org/nby/apa/d/ross-adorable-ross-home-with-treehouse/6971562377.html,2019-09-13,17:29,$4650,kentfield / ross,True,None,2,1627ft2
California,sfbay,nby,apts & housing for rent,6965362056,None,"Incredible Home, Privacy and Attention to Detail Throughout -PRANDI",https://sfbay.craigslist.org/nby/apa/d/mill-valley-incredible-home-privacy-and/6965362056.html,2019-09-13,17:28,$5800,mill valley,True,None,2,1400ft2
California,sfbay,nby,apts & housing for rent,6978220546,None,Welcome Home  - Beautiful Bennett Valley Amazing Two Bedroom/Two Bath,https://sfbay.craigslist.org/nby/apa/d/santa-rosa-welcome-home-beautiful/6978220546.html,2019-09-13,17:18,$2249,santa rosa,True,None,2,1000ft2
California,sfbay,nby,apts & housing for rent,6978211526,None,"Great 2 Bed, 1 Bath floor plans at The Vineyard Luxury Apartments",https://sfbay.craigslist.org/nby/apa/d/petaluma-great-2-bed-1-bath-floor-plans/6978211526.html,2019-09-13,17:08,$2295,petaluma,True,None,2,1028ft2
California,sfbay,nby,apts & housing for rent,6973158587,5886683440,2 bedroom 1 bath Clearlake,https://sfbay.craigslist.org/nby/apa/d/clearlake-park-2-bedroom-1-bath/6973158587.html,2019-09-13,17:04,$925,lake county,True,None,2,1100ft2
California,sfbay,nby,apts & housing for rent,6978215379,6948407609,2 bedroom with garage,https://sfbay.craigslist.org/nby/apa/d/rohnert-park-2-bedroom-with-garage/6978215379.html,2019-09-13,16:59,$1850,rohnert pk / cotati,True,None,2,None
California,sfbay,nby,apts & housing for rent,6978212950,None,"Two-Bedroom, Two-Bathroom with Stackable Washer and Dryer!",https://sfbay.craigslist.org/nby/apa/d/napa-two-bedroom-two-bathroom-with/6978212950.html,2019-09-13,16:55,$2071,napa county,True,None,2,990ft2
California,sfbay,nby,apts & housing for rent,6968274961,6812294283,REDUCED RATE & $1000 OFF 1ST MONTH!! BEAUTIFUL REMODELED 2 BDRM!,https://sfbay.craigslist.org/nby/apa/d/petaluma-reduced-rate-off-1st-month/6968274961.html,2019-09-13,16:49,$1995,petaluma,True,None,2,900ft2
California,sfbay,nby,apts & housing for rent,6970894674,6190199225,Free Wi-Fi Garden Apt Granite Hardwood Floors Walk 2 Safeway School 9,https://sfbay.craigslist.org/nby/apa/d/free-wi-fi-garden-apt-granite-hardwood/6970894674.html,2019-09-13,16:47,$2062,santa rosa,True,None,2,900ft2
California,sfbay,nby,apts & housing for rent,6970816375,4856969664,Beautifully Renovated Two Bedroom Apartment!!,https://sfbay.craigslist.org/nby/apa/d/beautifully-renovated-two-bedroom/6970816375.html,2019-09-13,16:43,$1950,petaluma,True,None,2,860ft2
California,sfbay,nby,apts & housing for rent,6978201866,6803172854,Townhouse Available for $2085/m.,https://sfbay.craigslist.org/nby/apa/d/santa-rosa-townhouse-available-for-2085/6978201866.html,2019-09-13,16:37,$2085,santa rosa,True,None,2,903ft2
California,sfbay,nby,apts & housing for rent,6978201847,None,Move In Now get the rest of September Free,https://sfbay.craigslist.org/nby/apa/d/santa-rosa-move-in-now-get-the-rest-of/6978201847.html,2019-09-13,16:37,$2039,santa rosa,True,None,2,None
California,sfbay,nby,apts & housing for rent,6978199167,None,Magical Tiburon Waterfront Apartment with Beautiful Views!,https://sfbay.craigslist.org/nby/apa/d/belvedere-tiburon-magical-tiburon/6978199167.html,2019-09-13,16:32,$3900,tiburon / belvedere,True,None,2,800ft2
California,sfbay,nby,apts & housing for rent,6971777004,None,2br / 1ba - Apartment - 1054 Edwards Avenue,https://sfbay.craigslist.org/nby/apa/d/santa-rosa-2br-1ba-apartment-edwards/6971777004.html,2019-09-13,16:27,$1600,santa rosa,True,None,2,None
California,sfbay,nby,apts & housing for rent,6971775281,None,2br / 1ba - Apartment - 625 Humboldt Street #3,https://sfbay.craigslist.org/nby/apa/d/santa-rosa-2br-1ba-apartment-humboldt/6971775281.html,2019-09-13,16:27,$1695,santa rosa,True,None,2,None
California,sfbay,nby,apts & housing for rent,6978193999,6450470039,OPEN HOUSE TODAY SUN! 2 BED+DEN 2.5 BATH End-Unit Townhouse So. Novato,https://sfbay.craigslist.org/nby/apa/d/san-rafael-open-house-today-sun-2/6978193999.html,2019-09-13,16:24,$3400,novato,True,None,2,1950ft2
California,sfbay,nby,apts & housing for rent,6972248519,None,"Central Heat and Air Conditioning, Non-Smoking Community, Cat 5 Wiring",https://sfbay.craigslist.org/nby/apa/d/novato-central-heat-and-air/6972248519.html,2019-09-13,16:21,$3902,novato,True,None,2,1368ft2
California,sfbay,nby,apts & housing for rent,6978191638,None,Remodeled Upstairs Unit - 2bd 1ba,https://sfbay.craigslist.org/nby/apa/d/ukiah-remodeled-upstairs-unit-2bd-1ba/6978191638.html,2019-09-13,16:20,$1475,mendocino county,True,None,2,805ft2
California,sfbay,nby,apts & housing for rent,6978190945,None,COMING SOON  !!! 2BD-1BA IN BEAUTIFUL !SAN RAFAEL !,https://sfbay.craigslist.org/nby/apa/d/san-rafael-coming-soon-2bd-1ba-in/6978190945.html,2019-09-13,16:19,$2900,san rafael,True,None,2,954ft2
California,sfbay,nby,apts & housing for rent,6978190763,None,2br / 1.5ba - Duplex - 1125 Butte Drive,https://sfbay.craigslist.org/nby/apa/d/santa-rosa-2br-15ba-duplex-butte-drive/6978190763.html,2019-09-13,16:19,$1550,santa rosa,True,None,2,None
California,sfbay,nby,apts & housing for rent,6978184504,6848835847,Beautiful  2x2 Apartment Home Available Soon!,https://sfbay.craigslist.org/nby/apa/d/napa-beautiful-2x2-apartment-home/6978184504.html,2019-09-13,16:09,$2500,napa county,True,None,2,1088ft2
California,sfbay,nby,apts & housing for rent,6978182142,None,Look and Lease Today! Specials Now Available!!,https://sfbay.craigslist.org/nby/apa/d/san-rafael-look-and-lease-today/6978182142.html,2019-09-13,16:05,$2768,san rafael,True,None,2,970ft2
California,sfbay,nby,apts & housing for rent,6978162304,None,"Every day is a vacation in our fabulous resort-style 2 bed, 1 bath!",https://sfbay.craigslist.org/nby/apa/d/petaluma-every-day-is-vacation-in-our/6978162304.html,2019-09-13,15:59,$2165,petaluma,True,None,2,885ft2
California,sfbay,nby,apts & housing for rent,6965900565,6950766523,121 McBrown Road,https://sfbay.craigslist.org/nby/apa/d/cotati-121-mcbrown-road/6965900565.html,2019-09-13,15:54,$2300,petaluma,True,None,2,None
California,sfbay,nby,apts & housing for rent,6965899223,6856484972,510 Sixth Street,https://sfbay.craigslist.org/nby/apa/d/petaluma-510-sixth-street/6965899223.html,2019-09-13,15:54,$2300,petaluma,True,None,2,None
California,sfbay,nby,apts & housing for rent,6978168849,None,Top Floor 2 BR/2 BA in a Serene Location w/In Unit W/D & Central A/C!,https://sfbay.craigslist.org/nby/apa/d/santa-rosa-top-floor-2-br-2-ba-in/6978168849.html,2019-09-13,15:53,$2149,santa rosa,True,None,2,1000ft2
California,sfbay,nby,apts & housing for rent,6967546273,None,607 Seventh Street Unit A,https://sfbay.craigslist.org/nby/apa/d/petaluma-607-seventh-street-unit/6967546273.html,2019-09-13,15:53,$2500,petaluma,True,None,2,None
California,sfbay,nby,apts & housing for rent,6971501324,None,1469 Parkway Drive,https://sfbay.craigslist.org/nby/apa/d/rohnert-park-1469-parkway-drive/6971501324.html,2019-09-13,15:52,$2200,rohnert pk / cotati,True,None,2,1138ft2
California,sfbay,nby,apts & housing for rent,6973061799,None,1606 Yardley Street,https://sfbay.craigslist.org/nby/apa/d/santa-rosa-1606-yardley-street/6973061799.html,2019-09-13,15:51,$2300,santa rosa,True,None,2,1020ft2
California,sfbay,nby,apts & housing for rent,6975630708,None,421 Lincoln Street,https://sfbay.craigslist.org/nby/apa/d/santa-rosa-421-lincoln-street/6975630708.html,2019-09-13,15:51,$2300,santa rosa,True,None,2,1065ft2
California,sfbay,nby,apts & housing for rent,6966111087,None,Bardy Road,https://sfbay.craigslist.org/nby/apa/d/kenwood-bardy-road/6966111087.html,2019-09-13,15:51,$3250,santa rosa,True,None,2,1064ft2
California,sfbay,nby,apts & housing for rent,6965857880,6929429891,10300 Field Lane,https://sfbay.craigslist.org/nby/apa/d/forestville-field-lane/6965857880.html,2019-09-13,15:51,$2195,Forestville,True,None,2,900ft2
California,sfbay,nby,apts & housing for rent,6965765208,6915665634,1267 Morgan St.,https://sfbay.craigslist.org/nby/apa/d/santa-rosa-1267-morgan-st/6965765208.html,2019-09-13,15:41,$2450,santa rosa,True,None,2,1200ft2
California,sfbay,nby,apts & housing for rent,6972114583,6945899855,807 Orchard St.,https://sfbay.craigslist.org/nby/apa/d/santa-rosa-807-orchard-st/6972114583.html,2019-09-13,15:40,$2250,santa rosa,True,None,2,1200ft2
California,sfbay,nby,apts & housing for rent,6978152208,6894088768,Resort Style Community with Spacious 2 bedrooms and More!,https://sfbay.craigslist.org/nby/apa/d/santa-rosa-resort-style-community-with/6978152208.html,2019-09-13,15:40,$2995,santa rosa,True,None,2,1118ft2
California,sfbay,nby,apts & housing for rent,6978162010,None,Beat the Heat! 1st Month Free!,https://sfbay.craigslist.org/nby/apa/d/santa-rosa-beat-the-heat-1st-month-free/6978162010.html,2019-09-13,15:35,$2195,santa rosa,True,None,2,1117ft2
California,sfbay,nby,apts & housing for rent,6978161849,None,Your Beautiful New Home in a Beautiful Place!,https://sfbay.craigslist.org/nby/apa/d/santa-rosa-your-beautiful-new-home-in/6978161849.html,2019-09-13,15:34,$2132,santa rosa,True,None,2,1200ft2
California,sfbay,nby,apts & housing for rent,6978158299,2450692176,Upstairs condo for rent,https://sfbay.craigslist.org/nby/apa/d/upstairs-condo-for-rent/6978158299.html,2019-09-13,15:29,$1900,santa rosa,True,None,2,900ft2
California,sfbay,nby,apts & housing for rent,6975132544,None,Two Bedroom Duplex - Close to JC and Hwy 101,https://sfbay.craigslist.org/nby/apa/d/santa-rosa-two-bedroom-duplex-close-to/6975132544.html,2019-09-13,15:28,$2090,santa rosa,True,None,2,None
California,sfbay,nby,apts & housing for rent,6978155222,6932101432,Beautifully Remodeled 2 Bedroom-1 Bathroom Greenbrae Condo,https://sfbay.craigslist.org/nby/apa/d/greenbrae-beautifully-remodeled-2/6978155222.html,2019-09-13,15:25,$2750,greenbrae,True,None,2,950ft2
California,sfbay,nby,apts & housing for rent,6968145598,None,The Sun Always Shines in Fountaingrove,https://sfbay.craigslist.org/nby/apa/d/santa-rosa-the-sun-always-shines-in/6968145598.html,2019-09-13,15:24,$3080,santa rosa,True,None,2,1440ft2
California,sfbay,nby,apts & housing for rent,6968133656,None,You’ll fall in LOVE with the VIEW! Rent Today! Convenient Location!,https://sfbay.craigslist.org/nby/apa/d/santa-rosa-youll-fall-in-love-with-the/6968133656.html,2019-09-13,15:23,$3080,santa rosa,True,None,2,1440ft2
California,sfbay,nby,apts & housing for rent,6968121011,None,Looking for A Bigger Place…Come Check Out Our Gorgeous Townhouse!,https://sfbay.craigslist.org/nby/apa/d/santa-rosa-looking-for-bigger-placecome/6968121011.html,2019-09-13,15:23,$3080,santa rosa,True,None,2,1440ft2
California,sfbay,nby,apts & housing for rent,6966119409,None,Spacious Townhouse with Garage Included- Call Now!,https://sfbay.craigslist.org/nby/apa/d/santa-rosa-spacious-townhouse-with/6966119409.html,2019-09-13,15:23,$3080,Santa Rosa,True,None,2,1440ft2
California,sfbay,nby,apts & housing for rent,6973116115,None,Two Bedroom Townhouse With Attached Garage! Call Now!,https://sfbay.craigslist.org/nby/apa/d/santa-rosa-two-bedroom-townhouse-with/6973116115.html,2019-09-13,15:23,$3080,santa rosa,True,None,2,1440ft2
California,sfbay,nby,apts & housing for rent,6973610846,None,Last Townhouse With Attached Garage!,https://sfbay.craigslist.org/nby/apa/d/santa-rosa-last-townhouse-with-attached/6973610846.html,2019-09-13,15:23,$3080,santa rosa,True,None,2,1440ft2
California,sfbay,nby,apts & housing for rent,6973001071,None,Beautiful Views + 2 Balconies = Your New Townhome,https://sfbay.craigslist.org/nby/apa/d/santa-rosa-beautiful-views-2-balconies/6973001071.html,2019-09-13,15:23,$3080,santa rosa,True,None,2,1440ft2
California,sfbay,nby,apts & housing for rent,6968755267,None,Two Bedroom Townhouse With Attached Garage!,https://sfbay.craigslist.org/nby/apa/d/santa-rosa-two-bedroom-townhouse-with/6968755267.html,2019-09-13,15:22,$3080,santa rosa,True,None,2,1440ft2
California,sfbay,nby,apts & housing for rent,6978137910,None,Available Downtown Location!!  2bed/1b Unit,https://sfbay.craigslist.org/nby/apa/d/napa-available-downtown-location-2bed/6978137910.html,2019-09-13,15:02,$2300,Napa,True,None,2,950ft2
California,sfbay,nby,apts & housing for rent,6978137578,None,*SPECIAL* $1000 OFF MOVE-IN COST PLUS THE MONTH OF SEPTEMBER FREE,https://sfbay.craigslist.org/nby/apa/d/petaluma-special-1000-off-move-in-cost/6978137578.html,2019-09-13,15:02,$2273,petaluma,True,None,2,None
California,sfbay,nby,apts & housing for rent,6978128378,None,Spacious 2 bedroom in Theatre Square,https://sfbay.craigslist.org/nby/apa/d/petaluma-spacious-2-bedroom-in-theatre/6978128378.html,2019-09-13,14:50,$2856,petaluma,True,None,2,1237ft2
California,sfbay,nby,apts & housing for rent,6966769737,None,Large 2 bedroom with new carpet in Theatre Square,https://sfbay.craigslist.org/nby/apa/d/petaluma-large-2-bedroom-with-new/6966769737.html,2019-09-13,14:37,$3051,petaluma,True,None,2,1237ft2
California,sfbay,nby,apts & housing for rent,6978114950,6931976619,THIS LUXE 2BR/2BA APARTMENT FEATURES A FIREPLACE,https://sfbay.craigslist.org/nby/apa/d/mill-valley-this-luxe-2br-2ba-apartment/6978114950.html,2019-09-13,14:32,$2950,mill valley,True,None,2,None
California,sfbay,nby,apts & housing for rent,6978113282,None,Move in Now get the rest of September Free,https://sfbay.craigslist.org/nby/apa/d/santa-rosa-move-in-now-get-the-rest-of/6978113282.html,2019-09-13,14:30,$2143,santa rosa,True,None,2,None
California,sfbay,nby,apts & housing for rent,6974398137,6952740706,✦ Sunny Spacious Clean Contemporary ✦ VIEWS ✦ 10m to SF,https://sfbay.craigslist.org/nby/apa/d/mill-valley-sunny-spacious-clean/6974398137.html,2019-09-13,14:25,$3600,sausalito,True,None,2,1325ft2
California,sfbay,nby,apts & housing for rent,6978106143,None,2Bed/1.5 Bath House-Guernville,https://sfbay.craigslist.org/nby/apa/d/rio-nido-2bed-15-bath-house-guernville/6978106143.html,2019-09-13,14:21,$1950,russian river,True,None,2,1600ft2
California,sfbay,nby,apts & housing for rent,6978097710,6425615035,1 MONTH RENT FREE! STOP BY TODAY!!,https://sfbay.craigslist.org/nby/apa/d/santa-rosa-1-month-rent-free-stop-by/6978097710.html,2019-09-13,14:11,$2149,santa rosa,True,None,2,None
California,sfbay,nby,apts & housing for rent,6978091031,None,"OPEN HOUSE!!2 bedroom, 1.5 bath Townhouse! 1st Month Free!",https://sfbay.craigslist.org/nby/apa/d/santa-rosa-open-house2-bedroom-15-bath/6978091031.html,2019-09-13,14:03,$2195,santa rosa,True,None,2,1117ft2
California,sfbay,nby,apts & housing for rent,6978079395,None,SPACIOUS 2/2 IN DOWNTOWN NOVATO INSIDE LAUNDRY 24 HOUR FITNESS ROOM,https://sfbay.craigslist.org/nby/apa/d/novato-spacious-2-2-in-downtown-novato/6978079395.html,2019-09-13,13:59,$4132,novato,True,None,2,1368ft2
California,sfbay,nby,apts & housing for rent,6978086375,6960854273,Well Maintained END Unit w/ REMODELED Bathrooms. One Pet Considered.,https://sfbay.craigslist.org/nby/apa/d/cotati-well-maintained-end-unit/6978086375.html,2019-09-13,13:58,$2050,rohnert pk / cotati,True,None,2,875ft2
California,sfbay,nby,apts & housing for rent,6978086175,None,One month FREE with 1 year lease at a great location,https://sfbay.craigslist.org/nby/apa/d/san-rafael-one-month-free-with-1-year/6978086175.html,2019-09-13,13:58,$2850,san rafael,True,None,2,985ft2
California,sfbay,nby,apts & housing for rent,6978082867,None,CHARMING HOUSE CLOSE TO SONONA SQUARE,https://sfbay.craigslist.org/nby/apa/d/el-verano-charming-house-close-to/6978082867.html,2019-09-13,13:54,$3000,Sonoma,True,None,2,1200ft2
California,sfbay,nby,apts & housing for rent,6978082873,None,All the perks of modern living! Washer/dryer included. Tour today!,https://sfbay.craigslist.org/nby/apa/d/petaluma-all-the-perks-of-modern-living/6978082873.html,2019-09-13,13:54,$2359,petaluma,True,None,2,1028ft2
California,sfbay,nby,apts & housing for rent,6977983302,None,"Spacious 2x1 with large porch, W&D, A/C, Storage & More!",https://sfbay.craigslist.org/nby/apa/d/santa-rosa-spacious-2x1-with-large/6977983302.html,2019-09-13,13:51,$2195,santa rosa,True,None,2,861ft2
California,sfbay,nby,apts & housing for rent,6975108269,6633095650,Napa Valley Club Condo,https://sfbay.craigslist.org/nby/apa/d/napa-napa-valley-club-condo/6975108269.html,2019-09-13,13:41,$3100,napa county,True,None,2,1542ft2
California,sfbay,nby,apts & housing for rent,6978069368,None,"Peloton Bikes, Latest Technology, Community Garden, Saltwater Pool",https://sfbay.craigslist.org/nby/apa/d/santa-rosa-peloton-bikes-latest/6978069368.html,2019-09-13,13:38,$2250,santa rosa,True,None,2,1039ft2
California,sfbay,nby,apts & housing for rent,6968028561,6932488316,"Bay Views, Washer/Dryer, Pets Welcome",https://sfbay.craigslist.org/nby/apa/d/belvedere-tiburon-bay-views-washer/6968028561.html,2019-09-13,13:32,$3779,tiburon / belvedere,True,None,2,1000ft2
California,sfbay,nby,apts & housing for rent,6978062976,6954166199,Stunning Sausalito Townhouse,https://sfbay.craigslist.org/nby/apa/d/sausalito-stunning-sausalito-townhouse/6978062976.html,2019-09-13,13:30,$4500,sausalito,True,None,2,1800ft2
California,sfbay,nby,apts & housing for rent,6978052562,6936754098,Relax in your brand new home!,https://sfbay.craigslist.org/nby/apa/d/fulton-relax-in-your-brand-new-home/6978052562.html,2019-09-13,13:29,$2445,santa rosa,True,None,2,1118ft2
California,sfbay,nby,apts & housing for rent,6978061440,None,"Move-In Ready, 2-Bedroom Apartment at the Lone Palm Court Apartments",https://sfbay.craigslist.org/nby/apa/d/kentfield-move-in-ready-2-bedroom/6978061440.html,2019-09-13,13:29,$2600,san rafael,True,None,2,843ft2
California,sfbay,nby,apts & housing for rent,6973482588,6939273939,Light-filled two-bedroom home in the heart of Point Reyes,https://sfbay.craigslist.org/nby/apa/d/olema-light-filled-two-bedroom-home-in/6973482588.html,2019-09-13,13:22,$2950,west marin,True,None,2,1100ft2
California,sfbay,nby,apts & housing for rent,6978053570,6440536448,HOUSE FOR LEASE Near Sonoma Square,https://sfbay.craigslist.org/nby/apa/d/house-for-lease-near-sonoma-square/6978053570.html,2019-09-13,13:19,$3000,sonoma,True,None,2,1200ft2
California,sfbay,nby,apts & housing for rent,6970567875,6434820058,Free Wi-Fi Garden Apt Granite Hardwood Floors Walk 2 Safeway School 8,https://sfbay.craigslist.org/nby/apa/d/santa-rosa-free-wi-fi-garden-apt/6970567875.html,2019-09-13,13:17,$2062,santa rosa,True,None,2,900ft2
California,sfbay,nby,apts & housing for rent,6962346052,None,Ready now ! Dont wait call today to view this cozy apartment home,https://sfbay.craigslist.org/nby/apa/d/novato-ready-now-dont-wait-call-today/6962346052.html,2019-09-13,13:04,$2995,novato,True,None,2,980ft2
California,sfbay,nby,apts & housing for rent,6971365987,4856969664,$1000 Off One First Months' Rent-Spacious Two Bedroom Apartment,https://sfbay.craigslist.org/nby/apa/d/1000-off-one-first-months-rent-spacious/6971365987.html,2019-09-13,13:00,$1995,petaluma,True,None,2,900ft2
California,sfbay,nby,apts & housing for rent,6975637865,6961756738,New kitchen in prime location,https://sfbay.craigslist.org/nby/apa/d/greenbrae-new-kitchen-in-prime-location/6975637865.html,2019-09-13,13:00,$2350,kentfield / ross,True,None,2,850ft2
California,sfbay,nby,apts & housing for rent,6975637024,6857346011,Affordable Dominican two bedroom,https://sfbay.craigslist.org/nby/apa/d/san-rafael-affordable-dominican-two/6975637024.html,2019-09-13,13:00,$2050,san rafael,True,None,2,650ft2
California,sfbay,nby,apts & housing for rent,6975945751,None,2 Bdrm 1 Bath Ground Floor Corner Apt Ready to Move in!,https://sfbay.craigslist.org/nby/apa/d/san-rafael-2-bdrm-1-bath-ground-floor/6975945751.html,2019-09-13,12:59,$2745,san rafael,True,None,2,950ft2
California,sfbay,nby,apts & housing for rent,6973124994,None,2 bedroom with tons of windows in Theatre Square,https://sfbay.craigslist.org/nby/apa/d/petaluma-2-bedroom-with-tons-of-windows/6973124994.html,2019-09-13,12:57,$3051,petaluma,True,None,2,1237ft2
California,sfbay,nby,apts & housing for rent,6978020471,6844660403,"Pool, Clubhouse, Pet Park and More! Luxury Apartment living!",https://sfbay.craigslist.org/nby/apa/d/fulton-pool-clubhouse-pet-park-and-more/6978020471.html,2019-09-13,12:48,$2370,santa rosa,True,None,2,1118ft2
California,sfbay,nby,apts & housing for rent,6978021873,None,Ideal West Petaluma Condo close to town.,https://sfbay.craigslist.org/nby/apa/d/petaluma-ideal-west-petaluma-condo/6978021873.html,2019-09-13,12:44,$1900,petaluma,True,None,2,832ft2
California,sfbay,nby,apts & housing for rent,6978014358,None,Huge Master Bedroom! All New Hard Surface Flooring Throughout!!,https://sfbay.craigslist.org/nby/apa/d/san-rafael-huge-master-bedroom-all-new/6978014358.html,2019-09-13,12:36,$2735,san rafael,True,None,2,950ft2
California,sfbay,nby,apts & housing for rent,6977998441,6914923737,Two Bedroom Condo in Gated Community,https://sfbay.craigslist.org/nby/apa/d/napa-two-bedroom-condo-in-gated/6977998441.html,2019-09-13,12:34,$2800,napa county,True,None,2,1470ft2
California,sfbay,nby,apts & housing for rent,6978011803,None,"Luxury Style Renovations, Large Windows with Views",https://sfbay.craigslist.org/nby/apa/d/luxury-style-renovations-large-windows/6978011803.html,2019-09-13,12:33,$2811,napa county,True,None,2,1142ft2
California,sfbay,nby,apts & housing for rent,6976429879,None,BEAUTIFULLY RENOVATED IN A GORGEOUS LOCATION!,https://sfbay.craigslist.org/nby/apa/d/novato-beautifully-renovated-in/6976429879.html,2019-09-13,12:31,$3205,None,True,None,2,886ft2
California,sfbay,nby,apts & housing for rent,6977995618,None,TWO-BEDROOM LUXURY APARTMENT WITH ACCESS TO RESORT-STYLE POOL & SPA,https://sfbay.craigslist.org/nby/apa/d/santa-rosa-two-bedroom-luxury-apartment/6977995618.html,2019-09-13,12:16,$2594,santa rosa,True,None,2,None
California,sfbay,nby,apts & housing for rent,6977995497,None,2BR Available Right Now At Park Vue ($500 Off Move In!!!),https://sfbay.craigslist.org/nby/apa/d/santa-rosa-2br-available-right-now-at/6977995497.html,2019-09-13,12:15,$1999,santa rosa,True,None,2,896ft2
California,sfbay,nby,apts & housing for rent,6972116351,None,Newly Reduced Price! Amazing Mount Tam View & Upgraded Flooring!!,https://sfbay.craigslist.org/nby/apa/d/san-rafael-newly-reduced-price-amazing/6972116351.html,2019-09-13,12:11,$2625,san rafael,True,None,2,950ft2
California,sfbay,nby,apts & housing for rent,6968075311,None,Remodeled Two Bedroom Cottage,https://sfbay.craigslist.org/nby/apa/d/san-rafael-remodeled-two-bedroom-cottage/6968075311.html,2019-09-13,12:10,$2600,San Rafael,True,None,2,None
California,sfbay,nby,apts & housing for rent,6977986546,None,Move in Special!!! Newly Remodeled Apartment Homes!!,https://sfbay.craigslist.org/nby/apa/d/santa-rosa-move-in-special-newly/6977986546.html,2019-09-13,12:06,$2365,santa rosa,True,None,2,1068ft2
California,sfbay,nby,apts & housing for rent,6974291484,5739766792,"Spacious Immaculate Top Floor, Direct SF View, Close to Dowtown/Ferry!",https://sfbay.craigslist.org/nby/apa/d/belvedere-tiburon-spacious-immaculate/6974291484.html,2019-09-13,12:00,$3995,tiburon / belvedere,True,None,2,2200ft2
California,sfbay,nby,apts & housing for rent,6969751401,None,Sebastopol Rental opening in early October,https://sfbay.craigslist.org/nby/apa/d/sebastopol-sebastopol-rental-opening-in/6969751401.html,2019-09-13,11:51,$2100,sebastopol,True,None,2,850ft2
California,sfbay,nby,apts & housing for rent,6977971811,None,Remodeled Town Home 2x2 w/ large loft,https://sfbay.craigslist.org/nby/apa/d/sausalito-remodeled-town-home-2x2-large/6977971811.html,2019-09-13,11:50,$3720,sausalito,True,None,2,1072ft2
California,sfbay,nby,apts & housing for rent,6977970396,None,Upcoming 2 Bedroom 1 Bathroom w/ Balcony in Civic Center Neighborhood,https://sfbay.craigslist.org/nby/apa/d/kentfield-upcoming-2-bedroom-1-bathroom/6977970396.html,2019-09-13,11:49,$2600,san rafael,True,None,2,750ft2
California,sfbay,nby,apts & housing for rent,6977967363,None,Remodeled 2x2 in Sausalito,https://sfbay.craigslist.org/nby/apa/d/sausalito-remodeled-2x2-in-sausalito/6977967363.html,2019-09-13,11:46,$3368,sausalito,True,None,2,888ft2
California,sfbay,nby,apts & housing for rent,6977962589,None,Upcoming 2 Bed / 1 Bath with Balcony,https://sfbay.craigslist.org/nby/apa/d/kentfield-upcoming-2-bed-1-bath-with/6977962589.html,2019-09-13,11:43,$2600,san rafael,True,None,2,750ft2
California,sfbay,nby,apts & housing for rent,6977963687,None,Remodeled 2 Bed/1 Bath in Sausalito,https://sfbay.craigslist.org/nby/apa/d/sausalito-remodeled-2-bed-1-bath-in/6977963687.html,2019-09-13,11:42,$3115,sausalito,True,None,2,773ft2
California,sfbay,nby,apts & housing for rent,6977963330,6910780138,1 bath -Townhouse ~ style apartment,https://sfbay.craigslist.org/nby/apa/d/petaluma-1-bath-townhouse-style/6977963330.html,2019-09-13,11:42,$2000,petaluma,True,None,2,None
California,sfbay,nby,apts & housing for rent,6977937685,6942180127,1ba - Apartment - 327 South E Street Unit C,https://sfbay.craigslist.org/nby/apa/d/santa-rosa-1ba-apartment-south-street/6977937685.html,2019-09-13,11:37,$1850,santa rosa,True,None,2,None
California,sfbay,nby,apts & housing for rent,6977958426,None,Remodeled 2 Bed/1 Bath in Sausalito,https://sfbay.craigslist.org/nby/apa/d/sausalito-remodeled-2-bed-1-bath-in/6977958426.html,2019-09-13,11:37,$3301,sausalito,True,None,2,773ft2
California,sfbay,nby,apts & housing for rent,6973043537,None,"Walk to Smart Train Station, Expansive Dual Pane Windows, Pet Friendly",https://sfbay.craigslist.org/nby/apa/d/petaluma-walk-to-smart-train-station/6973043537.html,2019-09-13,11:32,$3051,petaluma,True,None,2,1237ft2
California,sfbay,nby,apts & housing for rent,6977939351,4870338013,2 bedroom--CONVENIENT LOCATION!! hw,https://sfbay.craigslist.org/nby/apa/d/2-bedroom-convenient-location-hw/6977939351.html,2019-09-13,11:30,$2050,novato,True,None,2,816ft2
California,sfbay,nby,apts & housing for rent,6977940030,6835004461,2x1 Townhouse With Large Private Patio.,https://sfbay.craigslist.org/nby/apa/d/santa-rosa-2x1-townhouse-with-large/6977940030.html,2019-09-13,11:30,$2085,santa rosa,True,None,2,903ft2
California,sfbay,nby,apts & housing for rent,6972869995,6657931997,"55 + BROOKS CREEK, DESIRABLE DETACHED HOME WITH 2 CAR GARAGE",https://sfbay.craigslist.org/nby/apa/d/windsor-55-brooks-creek-desirable/6972869995.html,2019-09-13,11:29,$2600,healdsburg / windsor,True,None,2,1192ft2
California,sfbay,nby,apts & housing for rent,6977950421,5953676749,2 bed/1.5 ba townhouse w/ garage near Napa River/downtown,https://sfbay.craigslist.org/nby/apa/d/2-bed-15-ba-townhouse-garage-near-napa/6977950421.html,2019-09-13,11:29,$2542,napa county,True,None,2,None
California,sfbay,nby,apts & housing for rent,6977946583,5442175744,"2 BR x 1.5 BA in country living. Water, sewer, trash and gas INCLUDED!",https://sfbay.craigslist.org/nby/apa/d/novato-2-br-15-ba-in-country-living/6977946583.html,2019-09-13,11:25,$2800,novato,True,None,2,1000ft2
California,sfbay,nby,apts & housing for rent,6977940656,4890812912,2 BEDROOM 1 BATH!  em,https://sfbay.craigslist.org/nby/apa/d/2-bedroom-1-bath-em/6977940656.html,2019-09-13,11:19,$1850,rohnert pk / cotati,True,None,2,838ft2
California,sfbay,nby,apts & housing for rent,6977940622,6918735524,/2BR - Santa Rosa/Oakmont 55 plus community,https://sfbay.craigslist.org/nby/apa/d/santa-rosa-2br-santa-rosa-oakmont-55/6977940622.html,2019-09-13,11:19,$1850,santa rosa,True,None,2,None
California,sfbay,nby,apts & housing for rent,6977940318,4890817581,AVAILABLE spacious 2x2   vp,https://sfbay.craigslist.org/nby/apa/d/available-spacious-2x2-vp/6977940318.html,2019-09-13,11:18,$2000,rohnert pk / cotati,True,None,2,960ft2
California,sfbay,nby,apts & housing for rent,6977939127,4870335157,2BD UNIT with walk-in closet!  cc,https://sfbay.craigslist.org/nby/apa/d/2bd-unit-with-walk-in-closet-cc/6977939127.html,2019-09-13,11:17,$1900,rohnert pk / cotati,True,None,2,840ft2
California,sfbay,nby,apts & housing for rent,6977938756,4900673102,LUXURIOUS 2 BEDROOM TOWNHOUSE* wal,https://sfbay.craigslist.org/nby/apa/d/luxurious-2-bedroom-townhouse-wal/6977938756.html,2019-09-13,11:17,$2300,novato,True,None,2,960ft2
California,sfbay,nby,apts & housing for rent,6961816099,4856969664,$1000 Off One First Months' Rent!!,https://sfbay.craigslist.org/nby/apa/d/1000-off-one-first-months-rent/6961816099.html,2019-09-13,11:14,$1995,petaluma,True,None,2,900ft2
California,sfbay,nby,apts & housing for rent,6977936334,None,Bright 2 Bed / 1 Bath with Balcony,https://sfbay.craigslist.org/nby/apa/d/kentfield-bright-2-bed-1-bath-with/6977936334.html,2019-09-13,11:14,$2600,san rafael,True,None,2,750ft2
California,sfbay,nby,apts & housing for rent,6977932146,None,Newly Renovated 2BR/2BA with Stainless Steel Appliances,https://sfbay.craigslist.org/nby/apa/d/rohnert-park-newly-renovated-2br-2ba/6977932146.html,2019-09-13,11:10,$2063,rohnert pk / cotati,True,None,2,831ft2
California,sfbay,nby,apts & housing for rent,6977928533,6963882185,"$500 OFF 1st Months Rent! OPEN HOUSE Sept 17th, 2-7pm - 19th,  9am-1pm",https://sfbay.craigslist.org/nby/apa/d/santa-rosa-500-off-1st-months-rent-open/6977928533.html,2019-09-13,11:06,$2095,santa rosa,True,None,2,895ft2
California,sfbay,nby,apts & housing for rent,6977927512,6965233627,"See it in person! Sept 17th, 2-7pm - 19th,  9am-1pm!",https://sfbay.craigslist.org/nby/apa/d/santa-rosa-see-it-in-person-sept-17th-2/6977927512.html,2019-09-13,11:05,$2095,santa rosa,True,None,2,895ft2
California,sfbay,nby,apts & housing for rent,6977925581,6965233627,"OPEN HOUSE Sept. 17th 2-7pm, Sept. 19th 9am-1pm~!",https://sfbay.craigslist.org/nby/apa/d/santa-rosa-open-house-sept-17th-2-7pm/6977925581.html,2019-09-13,11:03,$2095,santa rosa,True,None,2,895ft2
California,sfbay,nby,apts & housing for rent,6977922590,None,A 2X1 PET-FRIENDLY APARTMENT NEAR DOWNTOWN & SMART STATION,https://sfbay.craigslist.org/nby/apa/d/rohnert-park-2x1-pet-friendly-apartment/6977922590.html,2019-09-13,11:00,$1899,rohnert pk / cotati,True,None,2,749ft2
California,sfbay,nby,apts & housing for rent,6977903052,6848835847,Beautiful  2x2 Apartment Home Available Soon!,https://sfbay.craigslist.org/nby/apa/d/napa-beautiful-2x2-apartment-home/6977903052.html,2019-09-13,10:53,$2500,napa county,True,None,2,1088ft2
California,sfbay,nby,apts & housing for rent,6977894069,None,Spacious Two-Bedroom near Hwy 101 and Vineyards!,https://sfbay.craigslist.org/nby/apa/d/santa-rosa-spacious-two-bedroom-near/6977894069.html,2019-09-13,10:32,$2038,santa rosa,True,None,2,1100ft2
California,sfbay,nby,apts & housing for rent,6977893654,None,Find Your New 2BR/2BA Townhome Here!!,https://sfbay.craigslist.org/nby/apa/d/petaluma-find-your-new-2br-2ba-townhome/6977893654.html,2019-09-13,10:31,$2534,petaluma,True,None,2,1277ft2
California,sfbay,nby,apts & housing for rent,6977886448,6943279308,Sunny 2 bedroom surrounded by oaks in Healdsburg,https://sfbay.craigslist.org/nby/apa/d/healdsburg-sunny-2-bedroom-surrounded/6977886448.html,2019-09-13,10:24,$2000,healdsburg / windsor,True,None,2,750ft2
California,sfbay,nby,apts & housing for rent,6977872388,None,Spacious Townhome available! Call NOW!!!,https://sfbay.craigslist.org/nby/apa/d/rohnert-park-spacious-townhome/6977872388.html,2019-09-13,10:22,$2200,rohnert pk / cotati,True,None,2,845ft2
California,sfbay,nby,apts & housing for rent,6964971191,6941312414,Charming Two Bedroom Historic Napa Home,https://sfbay.craigslist.org/nby/apa/d/napa-charming-two-bedroom-historic-napa/6964971191.html,2019-09-13,10:19,$1800,napa county,True,None,2,None
California,sfbay,nby,apts & housing for rent,6963300877,None,Charming Two Bedroom Napa Home,https://sfbay.craigslist.org/nby/apa/d/napa-charming-two-bedroom-napa-home/6963300877.html,2019-09-13,10:19,$2100,napa county,True,None,2,980ft2
California,sfbay,nby,apts & housing for rent,6977875308,None,"Great place, perfect price!",https://sfbay.craigslist.org/nby/apa/d/rohnert-park-great-place-perfect-price/6977875308.html,2019-09-13,10:18,$2200,rohnert pk / cotati,True,None,2,845ft2
California,sfbay,nby,apts & housing for rent,6961110862,None,Spacious Two Bedroom Napa Condo,https://sfbay.craigslist.org/nby/apa/d/napa-spacious-two-bedroom-napa-condo/6961110862.html,2019-09-13,10:18,$2400,napa county,True,None,2,1513ft2
California,sfbay,nby,apts & housing for rent,6966013913,None,Beautifully Renovated Two Bedroom Napa Duplexes,https://sfbay.craigslist.org/nby/apa/d/napa-beautifully-renovated-two-bedroom/6966013913.html,2019-09-13,10:18,$2150,napa county,True,None,2,None
California,sfbay,nby,apts & housing for rent,6966017093,None,Beautifully Renovated Two Bedroom Napa Townhomes,https://sfbay.craigslist.org/nby/apa/d/napa-beautifully-renovated-two-bedroom/6966017093.html,2019-09-13,10:17,$2050,napa county,True,None,2,928ft2
California,sfbay,nby,apts & housing for rent,6977873843,None,Special price... spacious home!,https://sfbay.craigslist.org/nby/apa/d/rohnert-park-special-price-spacious-home/6977873843.html,2019-09-13,10:17,$2200,rohnert pk / cotati,True,None,2,845ft2
California,sfbay,nby,apts & housing for rent,6977877156,None,Pet-Friendly 2BR/1BA Apartment Home North of the Bay,https://sfbay.craigslist.org/nby/apa/d/rohnert-park-pet-friendly-2br-1ba/6977877156.html,2019-09-13,10:14,$1962,rohnert pk / cotati,True,None,2,821ft2
California,sfbay,nby,apts & housing for rent,6977867128,6830575971,Cozy up in our spacious 2 bedroom just in time for Fall! Lease Today!,https://sfbay.craigslist.org/nby/apa/d/santa-rosa-cozy-up-in-our-spacious-2/6977867128.html,2019-09-13,10:13,$2995,santa rosa,True,None,2,1118ft2
California,sfbay,nby,apts & housing for rent,6973067263,6947859345,Rent Reduced!! Townhome 2 Bed 2.5 Baths Garage (1130 Pear Tree Lane),https://sfbay.craigslist.org/nby/apa/d/napa-rent-reduced-townhome-2-bed-25/6973067263.html,2019-09-13,10:09,$2095,napa county,True,None,2,None
California,sfbay,nby,apts & housing for rent,6977868148,6935563657,2 Bed/2 Bath near the Civic Center,https://sfbay.craigslist.org/nby/apa/d/san-rafael-2-bed-2-bath-near-the-civic/6977868148.html,2019-09-13,10:05,$2950,san rafael,True,None,2,None
California,sfbay,nby,apts & housing for rent,6977863190,None,$500 OFF MOVE-IN COST LOOK & LEASE SPECIAL - STUNNING 2 BEDROOM 2 BATH,https://sfbay.craigslist.org/nby/apa/d/petaluma-500-off-move-in-cost-look/6977863190.html,2019-09-13,09:59,$2408,petaluma,True,None,2,None
California,sfbay,nby,apts & housing for rent,6977862722,None,2BR/1.25BA Home in a Community with a Fitness Center and a Pool,https://sfbay.craigslist.org/nby/apa/d/rohnert-park-2br-125ba-home-in/6977862722.html,2019-09-13,09:59,$1949,rohnert pk / cotati,True,None,2,795ft2
California,sfbay,nby,apts & housing for rent,6968943153,None,Showing Dates: A very pleasant place to live!,https://sfbay.craigslist.org/nby/apa/d/boyes-hot-springs-showing-dates-very/6968943153.html,2019-09-13,09:46,$2200,sonoma,True,None,2,920ft2
California,sfbay,nby,apts & housing for rent,6972314866,None,*PENDING* Upstairs 2 bedroom unit in fourplex!,https://sfbay.craigslist.org/nby/apa/d/santa-rosa-pending-upstairs-2-bedroom/6972314866.html,2019-09-13,09:44,$1380,santa rosa,True,None,2,900ft2
California,sfbay,nby,apts & housing for rent,6958058249,None,*OPEN HOUSE 9/12 2:10-2:40pm* Vintage duplex in West Petaluma!,https://sfbay.craigslist.org/nby/apa/d/petaluma-open-house-pm-vintage-duplex/6958058249.html,2019-09-13,09:44,$1800,petaluma,True,None,2,600ft2
California,sfbay,nby,apts & housing for rent,6965122594,None,Spacious townhouse in Montgomery Village,https://sfbay.craigslist.org/nby/apa/d/santa-rosa-spacious-townhouse-in/6965122594.html,2019-09-13,09:44,$2100,santa rosa,True,None,2,1096ft2
California,sfbay,nby,apts & housing for rent,6966148276,4723525545,HEALDSBURG Downtown-2/1,https://sfbay.craigslist.org/nby/apa/d/healdsburg-downtown-2-1/6966148276.html,2019-09-13,09:37,$2750,healdsburg / windsor,True,None,2,None
California,sfbay,nby,apts & housing for rent,6977839337,None,"Lease Today and get a $1500 Gift Card!! No Really, We're Serious!",https://sfbay.craigslist.org/nby/apa/d/santa-rosa-lease-today-and-get-1500/6977839337.html,2019-09-13,09:35,$2195,santa rosa,True,None,2,1117ft2
California,sfbay,nby,apts & housing for rent,6977839091,None,QUALITY LIVING & RESORT AMENITIES!,https://sfbay.craigslist.org/nby/apa/d/santa-rosa-quality-living-resort/6977839091.html,2019-09-13,09:35,$2529,santa rosa,True,None,2,None
California,sfbay,nby,apts & housing for rent,6966864543,None,Forest Knolls lower level duplex in garden setting,https://sfbay.craigslist.org/nby/apa/d/forest-knolls-forest-knolls-lower-level/6966864543.html,2019-09-13,09:19,$2100,west marin,True,None,2,725ft2
California,sfbay,nby,apts & housing for rent,6967307913,None,"Convenient location, Whole Foods below, Easy Freeway access...",https://sfbay.craigslist.org/nby/apa/d/novato-convenient-location-whole-foods/6967307913.html,2019-09-13,09:19,$3693,novato,True,None,2,1298ft2
California,sfbay,nby,apts & housing for rent,6977821951,None,1st. Floor ! 2bd/1ba ! pets welcome! pool! Gym! W/D in unit !,https://sfbay.craigslist.org/nby/apa/d/san-rafael-1st-floor-2bd-1ba-pets/6977821951.html,2019-09-13,09:18,$2900,san rafael,True,None,2,954ft2
California,sfbay,nby,apts & housing for rent,6977819432,None,Coffee is on us!  Come claim your brand-new Keurig!,https://sfbay.craigslist.org/nby/apa/d/napa-coffee-is-on-us-come-claim-your/6977819432.html,2019-09-13,09:15,$2575,None,True,None,2,1136ft2
California,sfbay,nby,apts & housing for rent,6961690187,None,Spacious 2 bedroom in Theatre Square,https://sfbay.craigslist.org/nby/apa/d/petaluma-spacious-2-bedroom-in-theatre/6961690187.html,2019-09-13,09:13,$3101,petaluma,True,None,2,1237ft2
California,sfbay,nby,apts & housing for rent,6975934655,6935574267,500 FLEMING AVENUE EAST #2,https://sfbay.craigslist.org/nby/apa/d/vallejo-500-fleming-avenue-east-2/6975934655.html,2019-09-13,09:11,$1500,VALLEJO,True,None,2,None
California,sfbay,nby,apts & housing for rent,6977812815,None,Seminary Area--Quiet--Woodfloors--Beamed ceilings,https://sfbay.craigslist.org/nby/apa/d/san-anselmo-seminary-area-quiet/6977812815.html,2019-09-13,09:09,$2400,san anselmo,True,None,2,790ft2
California,sfbay,nby,apts & housing for rent,6977791651,None,2 BR cottage in Boyes Hot Springs $2k/month,https://sfbay.craigslist.org/nby/apa/d/boyes-hot-springs-2-br-cottage-in-boyes/6977791651.html,2019-09-13,08:47,$2000,sonoma,True,None,2,1000ft2
California,sfbay,nby,apts & housing for rent,6977789050,None,Immediate Availability At Park Vue,https://sfbay.craigslist.org/nby/apa/d/santa-rosa-immediate-availability-at/6977789050.html,2019-09-13,08:44,$1999,santa rosa,True,None,2,896ft2
California,sfbay,nby,apts & housing for rent,6977781373,6968913476,"2 BR, 1.5 Bath Townhouse For Rent, New Carpet, Linoleum Floors, Paint!",https://sfbay.craigslist.org/nby/apa/d/healdsburg-2-br-15-bath-townhouse-for/6977781373.html,2019-09-13,08:36,$1950,healdsburg / windsor,True,None,2,910ft2
California,sfbay,nby,apts & housing for rent,6971268462,6966051327,Cute and Updated Napa Condo,https://sfbay.craigslist.org/nby/apa/d/napa-cute-and-updated-napa-condo/6971268462.html,2019-09-13,08:32,$2150,napa county,True,None,2,None
California,sfbay,nby,apts & housing for rent,6977774497,6972098338,Duplex/ 2 bedroom/1 bath Very Large Unit!,https://sfbay.craigslist.org/nby/apa/d/camp-meeker-duplex-2-bedroom-1-bath/6977774497.html,2019-09-13,08:29,$1850,sebastopol,True,None,2,800ft2
California,sfbay,nby,apts & housing for rent,6965925861,None,Spacious 2 bedroom in Theatre Square,https://sfbay.craigslist.org/nby/apa/d/petaluma-spacious-2-bedroom-in-theatre/6965925861.html,2019-09-13,08:21,$3051,petaluma,True,None,2,1237ft2
California,sfbay,nby,apts & housing for rent,6977763938,6819917481,Townhome available now!!! Now offering your 1st month free!!,https://sfbay.craigslist.org/nby/apa/d/eldridge-townhome-available-now-now/6977763938.html,2019-09-13,08:17,$2200,sonoma,True,None,2,1000ft2
California,sfbay,nby,apts & housing for rent,6977756786,6801900144,Fully remodeled ground floor unit available now!!! 1st full month free,https://sfbay.craigslist.org/nby/apa/d/eldridge-fully-remodeled-ground-floor/6977756786.html,2019-09-13,08:09,$2150,sonoma,True,None,2,750ft2
California,sfbay,nby,apts & housing for rent,6977756546,6801900144,Fully remodeled top floor unit available now!!!,https://sfbay.craigslist.org/nby/apa/d/boyes-hot-springs-fully-remodeled-top/6977756546.html,2019-09-13,08:09,$2125,sonoma,True,None,2,750ft2
California,sfbay,nby,apts & housing for rent,6977756087,6801900144,Fully remodeled ground floor unit available now!!!,https://sfbay.craigslist.org/nby/apa/d/boyes-hot-springs-fully-remodeled/6977756087.html,2019-09-13,08:08,$2150,sonoma,True,None,2,750ft2
California,sfbay,nby,apts & housing for rent,6977755792,6899049322,Upstairs 2 bedroom unit now available!!!1st month free!!,https://sfbay.craigslist.org/nby/apa/d/boyes-hot-springs-upstairs-2-bedroom/6977755792.html,2019-09-13,08:08,$2100,sonoma,True,None,2,850ft2
California,sfbay,nby,apts & housing for rent,6977755327,6899049322,Downstairs 2 bedroom unit coming soon!!!,https://sfbay.craigslist.org/nby/apa/d/eldridge-downstairs-2-bedroom-unit/6977755327.html,2019-09-13,08:08,$2150,sonoma,True,None,2,850ft2
California,sfbay,nby,apts & housing for rent,6972675171,5747278017,2 BR Downtown Condo Mt Tam City Views - Furnished all Inclusive,https://sfbay.craigslist.org/nby/apa/d/san-rafael-2-br-downtown-condo-mt-tam/6972675171.html,2019-09-13,08:06,$3000,san rafael,True,None,2,917ft2
California,sfbay,nby,apts & housing for rent,6969755045,6188839318,Free Wi-Fi Garden Apt Granite Hardwood Floors Walk 2 Safeway School 7,https://sfbay.craigslist.org/nby/apa/d/free-wi-fi-garden-apt-granite-hardwood/6969755045.html,2019-09-13,08:05,$2062,santa rosa,True,None,2,900ft2
California,sfbay,nby,apts & housing for rent,6977742797,6554177820,"2BR/1BA, ground level entrance, dedicated off-street parking",https://sfbay.craigslist.org/nby/apa/d/mill-valley-2br-1ba-ground-level/6977742797.html,2019-09-13,07:53,$2550,mill valley,True,None,2,800ft2
California,sfbay,nby,apts & housing for rent,6958492868,4835229688,Available Now in Quiet Complex,https://sfbay.craigslist.org/nby/apa/d/available-now-in-quiet-complex/6958492868.html,2019-09-13,07:14,$1950,sebastopol,True,None,2,None
California,sfbay,nby,apts & housing for rent,6958034791,None,Tour this Saturday 2/2 Condo Style condo. Downtown Novato,https://sfbay.craigslist.org/nby/apa/d/novato-tour-this-saturday-2-2-condo/6958034791.html,2019-09-13,07:01,$3703,novato,True,None,2,1298ft2
California,sfbay,nby,apts & housing for rent,6977628911,6784176315,Fabulous 2x1 In The Ignacio Valley!,https://sfbay.craigslist.org/nby/apa/d/novato-fabulous-2x1-in-the-ignacio/6977628911.html,2019-09-13,04:40,$2699,novato,True,None,2,None
California,sfbay,nby,apts & housing for rent,6967602998,None,"Downtown Living, Huge Bedrooms, Walk in Closets, W/D, Central A/C!",https://sfbay.craigslist.org/nby/apa/d/petaluma-downtown-living-huge-bedrooms/6967602998.html,2019-09-13,00:16,$3051,petaluma,True,None,2,1237ft2
California,sfbay,nby,apts & housing for rent,6973006663,6967704934,Lovely 2 BR In-Law Woodacre,https://sfbay.craigslist.org/nby/apa/d/woodacre-lovely-2-br-in-law-woodacre/6973006663.html,2019-09-13,00:00,$2100,west marin,True,None,2,725ft2
California,sfbay,nby,apts & housing for rent,6977585955,6956177622,"2 Bd 1.3 bath, pool, deck, in-unit private laundry",https://sfbay.craigslist.org/nby/apa/d/novato-2-bd-13-bath-pool-deck-in-unit/6977585955.html,2019-09-12,23:09,$2450,novato,True,None,2,1000ft2
California,sfbay,nby,apts & housing for rent,6958408256,5773261219,"Town Home, 2 Bed rooms,2 Full  Bath Rooms, cotati",https://sfbay.craigslist.org/nby/apa/d/town-home-2-bed-rooms2-full-bath-rooms/6958408256.html,2019-09-12,22:47,$1800,rohnert pk / cotati,True,None,2,955ft2
California,sfbay,nby,apts & housing for rent,6968204906,5557105750,"2 Bed , 1.5 bath, 1 car garage, 1020 sf, Town Home",https://sfbay.craigslist.org/nby/apa/d/fulton-2-bed-15-bath-1-car-garage-1020/6968204906.html,2019-09-12,22:47,$2075,santa rosa,True,None,2,1020ft2
California,sfbay,nby,apts & housing for rent,6968894591,None,"Top Floor, W/D, Central A/C, All Size Dogs Welcome, Waterfront",https://sfbay.craigslist.org/nby/apa/d/petaluma-top-floor-d-central-c-all-size/6968894591.html,2019-09-12,22:05,$2770,petaluma,True,None,2,1014ft2
California,sfbay,nby,apts & housing for rent,6977569383,None,Lovingly Maintained 2 Bedroom Craftsman Bungalow in Santa Rosa,https://sfbay.craigslist.org/nby/apa/d/santa-rosa-lovingly-maintained-2/6977569383.html,2019-09-12,21:41,$2500,santa rosa,True,None,2,933ft2
California,sfbay,nby,apts & housing for rent,6975528874,6903115688,Feels like a single family home! + GARAGE!,https://sfbay.craigslist.org/nby/apa/d/san-rafael-feels-like-single-family/6975528874.html,2019-09-12,20:58,$2950,san rafael,True,None,2,None
California,sfbay,nby,apts & housing for rent,6966261225,None,Beautiful expanded 2 bedroom home on quiet street in Sycamore Park,https://sfbay.craigslist.org/nby/apa/d/mill-valley-beautiful-expanded-2/6966261225.html,2019-09-12,20:55,$4500,mill valley,True,None,2,1400ft2
California,sfbay,nby,apts & housing for rent,6972584198,6947668735,Looking for a roommate to share a 2bd/2bth at apt w. gym & pool,https://sfbay.craigslist.org/nby/apa/d/san-quentin-looking-for-roommate-to/6972584198.html,2019-09-12,20:49,$1756,larkspur,True,None,2,None
California,sfbay,nby,apts & housing for rent,6977534286,None,"Head Turning Style Extraordinary Location,Come Explore Your New Serenity at The ",https://sfbay.craigslist.org/nby/apa/d/napa-head-turning-style-extraordinary/6977534286.html,2019-09-12,19:57,$2963,napa county,True,None,2,None
California,sfbay,nby,apts & housing for rent,6974184115,6914485446,207 Coleman Drive,https://sfbay.craigslist.org/nby/apa/d/san-rafael-207-coleman-drive/6974184115.html,2019-09-12,19:52,$3400,san rafael,True,None,2,980ft2
California,sfbay,nby,apts & housing for rent,6962327936,6787331584,"Beautiful 2 bedroom, 2 bath with garage",https://sfbay.craigslist.org/nby/apa/d/santa-rosa-beautiful-2-bedroom-2-bath/6962327936.html,2019-09-12,19:46,$1900,santa rosa,True,None,2,950ft2
California,sfbay,nby,apts & housing for rent,6973849456,6787331584,"2 bedroom, 2 bath with garage",https://sfbay.craigslist.org/nby/apa/d/santa-rosa-2-bedroom-2-bath-with-garage/6973849456.html,2019-09-12,19:46,$1875,santa rosa,True,None,2,950ft2
California,sfbay,nby,apts & housing for rent,6970684749,6787331584,"2 bedroom, 2 bath with garage",https://sfbay.craigslist.org/nby/apa/d/santa-rosa-2-bedroom-2-bath-with-garage/6970684749.html,2019-09-12,19:46,$1900,santa rosa,True,None,2,950ft2
California,sfbay,nby,apts & housing for rent,6970678538,6787331584,"2 bedroom, 2 bath with garage",https://sfbay.craigslist.org/nby/apa/d/santa-rosa-2-bedroom-2-bath-with-garage/6970678538.html,2019-09-12,19:46,$1875,santa rosa,True,None,2,950ft2
California,sfbay,nby,apts & housing for rent,6977530692,None,High In The Clouds Views!! 2x2 Must See!! Call Soon!,https://sfbay.craigslist.org/nby/apa/d/santa-rosa-high-in-the-clouds-views-2x2/6977530692.html,2019-09-12,19:32,$2574,santa rosa,True,None,2,1006ft2
California,sfbay,nby,apts & housing for rent,6977503742,6963812663,"OPEN HOUSE – Tuesday, September 17th 2pm to 7pm + Thursday, September",https://sfbay.craigslist.org/nby/apa/d/santa-rosa-open-house-tuesday-september/6977503742.html,2019-09-12,18:28,$2095,santa rosa,True,None,2,895ft2
California,sfbay,nby,apts & housing for rent,6977501841,6963812663,"OPEN HOUSE 9/17, 2-7 pm - 2 BEDROOM - PET FRIENDLY - AC - WD IN UNIT",https://sfbay.craigslist.org/nby/apa/d/santa-rosa-open-house-pm-2-bedroom-pet/6977501841.html,2019-09-12,18:23,$2095,santa rosa,True,None,2,895ft2
California,sfbay,nby,apts & housing for rent,6973889891,6959110831,2 bed 1 bath w-private back yard- laundry hk ups-Watch Video!WINDSOR,https://sfbay.craigslist.org/nby/apa/d/santa-rosa-2-bed-1-bath-private-back/6973889891.html,2019-09-12,18:18,$1695,santa rosa,True,None,2,None
California,sfbay,nby,apts & housing for rent,6977497352,None,There's no better place to call your own than this 2 bed/1 bath!,https://sfbay.craigslist.org/nby/apa/d/petaluma-theres-no-better-place-to-call/6977497352.html,2019-09-12,18:14,$2359,petaluma,True,None,2,1028ft2
California,sfbay,nby,apts & housing for rent,6977487043,None,"Additional Parking Spaces Available, Bosch Appliances, Cat 5 Wiring",https://sfbay.craigslist.org/nby/apa/d/novato-additional-parking-spaces/6977487043.html,2019-09-12,17:54,$4152,novato,True,None,2,1368ft2
California,sfbay,nby,apts & housing for rent,6975984006,None,"Bosch Appliances, Large Floor Plans, Private Underground Parking",https://sfbay.craigslist.org/nby/apa/d/novato-bosch-appliances-large-floor/6975984006.html,2019-09-12,17:53,$3902,novato,True,None,2,1368ft2
California,sfbay,nby,apts & housing for rent,6975984790,None,Large 2 bedroom with new carpet in Theatre Square,https://sfbay.craigslist.org/nby/apa/d/petaluma-large-2-bedroom-with-new/6975984790.html,2019-09-12,17:43,$2856,petaluma,True,None,2,1237ft2
California,sfbay,nby,apts & housing for rent,6977464156,6963812663,IMMEDIATE MOVE IN - 2 BEDROOM - PET FRIENDLY - AC - WD IN UNIT,https://sfbay.craigslist.org/nby/apa/d/santa-rosa-immediate-move-in-2-bedroom/6977464156.html,2019-09-12,17:29,$2095,santa rosa,True,None,2,895ft2
California,sfbay,nby,apts & housing for rent,6977471477,None,"Stop by today and check out our lovely 885 sq ft, 2 bed / 1 bath!",https://sfbay.craigslist.org/nby/apa/d/petaluma-stop-by-today-and-check-out/6977471477.html,2019-09-12,17:24,$2165,petaluma,True,None,2,885ft2
California,sfbay,nby,apts & housing for rent,6977468781,None,2br / 1ba - Fourplex - 954 Santa Alicia Drive,https://sfbay.craigslist.org/nby/apa/d/rohnert-park-2br-1ba-fourplex-santa/6977468781.html,2019-09-12,17:19,$1540,rohnert pk / cotati,True,None,2,None
California,sfbay,nby,apts & housing for rent,6977464966,6968008031,Avail NOW $500 off 1-month rent near Santa Rosa Junior College,https://sfbay.craigslist.org/nby/apa/d/santa-rosa-avail-now-500-off-1-month/6977464966.html,2019-09-12,17:12,$2095,santa rosa,True,None,2,895ft2
California,sfbay,nby,apts & housing for rent,6977464574,6931976619,THIS LUXE 2BR/2BA APARTMENT FEATURES 2 PATIOS!,https://sfbay.craigslist.org/nby/apa/d/mill-valley-this-luxe-2br-2ba-apartment/6977464574.html,2019-09-12,17:12,$2950,mill valley,True,None,2,None
California,sfbay,nby,apts & housing for rent,6977464532,6956050835,$500.00 OFF First Month Rent - Call Yulupa Home Today!,https://sfbay.craigslist.org/nby/apa/d/santa-rosa-off-first-month-rent-call/6977464532.html,2019-09-12,17:11,$2095,santa rosa,True,None,2,895ft2
California,sfbay,nby,apts & housing for rent,6977462685,6970908424,2 Bedroom  Rohnert Park Apartment,https://sfbay.craigslist.org/nby/apa/d/rohnert-park-2-bedroom-rohnert-park/6977462685.html,2019-09-12,17:08,$1700,rohnert pk / cotati,True,None,2,900ft2
California,sfbay,nby,apts & housing for rent,6977457734,6716134985,BEAUTIFUL 2 BED 2 BA AVAIL@CITRINE APTS! WALK TO DOWNTOWN HEALDSBURG!!,https://sfbay.craigslist.org/nby/apa/d/el-verano-beautiful-2-bed-2-ba/6977457734.html,2019-09-12,17:05,$2285,healdsburg / windsor,True,None,2,975ft2
California,sfbay,nby,apts & housing for rent,6972827775,6967482137,"Duplex in Novato, feels like single family home - large yard",https://sfbay.craigslist.org/nby/apa/d/novato-duplex-in-novato-feels-like/6972827775.html,2019-09-12,17:04,$2600,novato,True,None,2,1100ft2
California,sfbay,nby,apts & housing for rent,6977457370,None,$500 OFF MOVE-IN COST LOOK & LEASE SPECIAL - LARGE 2 BEDROOM 1 BATH,https://sfbay.craigslist.org/nby/apa/d/petaluma-500-off-move-in-cost-look/6977457370.html,2019-09-12,16:59,$2318,petaluma,True,None,2,None
California,sfbay,nby,apts & housing for rent,6977456820,6784176315,Enjoy the views of beautiful Ignacio Valley!,https://sfbay.craigslist.org/nby/apa/d/san-rafael-enjoy-the-views-of-beautiful/6977456820.html,2019-09-12,16:58,$2699,novato,True,None,2,None
California,sfbay,nby,apts & housing for rent,6957587981,6766959186,This West Side Townhome Has A Fabulous Floorplan !,https://sfbay.craigslist.org/nby/apa/d/petaluma-this-west-side-townhome-has/6957587981.html,2019-09-12,16:58,$2299,petaluma,True,None,2,None
California,sfbay,nby,apts & housing for rent,6977456602,None,FANTASTIC 2BR/2BA IN A WONDERFUL COMMUNITY!,https://sfbay.craigslist.org/nby/apa/d/rohnert-park-fantastic-2br-2ba-in/6977456602.html,2019-09-12,16:58,$2063,rohnert pk / cotati,True,None,2,920ft2
California,sfbay,nby,apts & housing for rent,6957550206,6504330262,You'll Love It Here! Available NOW!,https://sfbay.craigslist.org/nby/apa/d/santa-rosa-youll-love-it-here-available/6957550206.html,2019-09-12,16:57,$2199,santa rosa,True,None,2,None
California,sfbay,nby,apts & housing for rent,6957551248,6766959186,A Cozy Townhome Community In Historical Downtown!,https://sfbay.craigslist.org/nby/apa/d/petaluma-cozy-townhome-community-in/6957551248.html,2019-09-12,16:57,$2299,petaluma,True,None,2,None
California,sfbay,nby,apts & housing for rent,6977451790,6951602341,"Oakmont 55+ Comfortable, Clean, and Ready to Move In 2 Bedroom, 2 Bath",https://sfbay.craigslist.org/nby/apa/d/santa-rosa-oakmont-55-comfortable-clean/6977451790.html,2019-09-12,16:50,$2350,santa rosa,True,None,2,1297ft2
California,sfbay,nby,apts & housing for rent,6956550263,4856969664,Beautifully Renovated Two Bedroom Apartment!!,https://sfbay.craigslist.org/nby/apa/d/beautifully-renovated-two-bedroom/6956550263.html,2019-09-12,16:47,$1950,petaluma,True,None,2,860ft2
California,sfbay,nby,apts & housing for rent,6977450507,None,Spacious and elegant! You've found your ideal 2 bed / 1 bath!,https://sfbay.craigslist.org/nby/apa/d/petaluma-spacious-and-elegant-youve/6977450507.html,2019-09-12,16:47,$2359,petaluma,True,None,2,1028ft2
California,sfbay,nby,apts & housing for rent,6977450147,None,Spectacular Two Bedroom Plus Loft!,https://sfbay.craigslist.org/nby/apa/d/sausalito-spectacular-two-bedroom-plus/6977450147.html,2019-09-12,16:47,$3725,sausalito,True,None,2,1072ft2
California,sfbay,nby,apts & housing for rent,6977450081,None,Beautiful Remodeled 1B/1B.. Available Now..,https://sfbay.craigslist.org/nby/apa/d/rohnert-park-beautiful-remodeled-1b-1b/6977450081.html,2019-09-12,16:47,$1699,rohnert pk / cotati,True,None,2,None
California,sfbay,nby,apts & housing for rent,6977449940,None,Beat The Heat With A $1500 Gift Card!! Call And Tour Today!!,https://sfbay.craigslist.org/nby/apa/d/santa-rosa-beat-the-heat-with-1500-gift/6977449940.html,2019-09-12,16:46,$2195,santa rosa,True,None,2,1117ft2
California,sfbay,nby,apts & housing for rent,6977449275,None,"Simply sensational 885 sqft, 2 bed, 1 bath! We fit your lifestyle!",https://sfbay.craigslist.org/nby/apa/d/petaluma-simply-sensational-885-sqft-2/6977449275.html,2019-09-12,16:45,$2165,petaluma,True,None,2,885ft2
California,sfbay,nby,apts & housing for rent,6974831291,6434267104,Free Wi-Fi Garden Apt Granite Hardwood Floors Walk 2 Safeway School 6,https://sfbay.craigslist.org/nby/apa/d/santa-rosa-free-wi-fi-garden-apt/6974831291.html,2019-09-12,16:43,$2062,santa rosa,True,None,2,900ft2
California,sfbay,nby,apts & housing for rent,6977446570,None,A Roman Soaking Tub and Private Patio in This 2x2 Residence,https://sfbay.craigslist.org/nby/apa/d/vallejo-roman-soaking-tub-and-private/6977446570.html,2019-09-12,16:41,$2500,sonoma,True,None,2,1123ft2
California,sfbay,nby,apts & housing for rent,6977439477,None,*PENDING* Upper unit in a 4-unit condo complex in West SR!,https://sfbay.craigslist.org/nby/apa/d/santa-rosa-pending-upper-unit-in-4-unit/6977439477.html,2019-09-12,16:29,$1235,santa rosa,True,None,2,908ft2
California,sfbay,nby,apts & housing for rent,6977438832,None,AMAZING LAYOUT IN PRIVATE LOCATION!,https://sfbay.craigslist.org/nby/apa/d/novato-amazing-layout-in-private/6977438832.html,2019-09-12,16:28,$3205,None,True,None,2,886ft2
California,sfbay,nby,apts & housing for rent,6972852040,6322357727,"KICK BACK AND RELAX! COOL INTERIOR, GREAT LOCATION!",https://sfbay.craigslist.org/nby/apa/d/santa-rosa-kick-back-and-relax-cool/6972852040.html,2019-09-12,16:25,$2268,santa rosa,True,None,2,None
California,sfbay,nby,apts & housing for rent,6972057495,None,Top floor available October,https://sfbay.craigslist.org/nby/apa/d/novato-top-floor-available-october/6972057495.html,2019-09-12,16:18,$2700,novato,True,None,2,880ft2
California,sfbay,nby,apts & housing for rent,6977431479,None,Awesome ! 2bd/1ba ! pets welcome! pool! Gym! W/D in unit !,https://sfbay.craigslist.org/nby/apa/d/san-rafael-awesome-2bd-1ba-pets-welcome/6977431479.html,2019-09-12,16:16,$2900,san rafael,True,None,2,954ft2
California,sfbay,nby,apts & housing for rent,6977428873,None,"Controlled Access Building, Non-Smoking Community, Recycling Program",https://sfbay.craigslist.org/nby/apa/d/novato-controlled-access-building-non/6977428873.html,2019-09-12,16:12,$4152,novato,True,None,2,1368ft2
California,sfbay,nby,apts & housing for rent,6974463948,6899621316,Spacious View Condo with 2 Master suites!,https://sfbay.craigslist.org/nby/apa/d/sausalito-spacious-view-condo-with-2/6974463948.html,2019-09-12,16:10,$3350,sausalito,True,None,2,976ft2
California,sfbay,nby,apts & housing for rent,6977427211,None,Ground Floor Unit At Park Vue With Your Name On It!,https://sfbay.craigslist.org/nby/apa/d/santa-rosa-ground-floor-unit-at-park/6977427211.html,2019-09-12,16:09,$1999,santa rosa,True,None,2,896ft2
California,sfbay,nby,apts & housing for rent,6961656089,6032726310,Charming & Bright Unit in Sausalito Banana Belt!,https://sfbay.craigslist.org/nby/apa/d/charming-bright-unit-in-sausalito/6961656089.html,2019-09-12,16:08,$3400,sausalito,True,None,2,879ft2
California,sfbay,nby,apts & housing for rent,6968344037,6588962068,Steps to Caledonia St w/ Richardson Bay View and Garage!,https://sfbay.craigslist.org/nby/apa/d/sausalito-steps-to-caledonia-st/6968344037.html,2019-09-12,16:08,$3800,sausalito,True,None,2,None
California,sfbay,nby,apts & housing for rent,6975181128,5593415858,Spacious & Sunny Sausalito Condo with Den & Patio,https://sfbay.craigslist.org/nby/apa/d/sausalito-spacious-sunny-sausalito/6975181128.html,2019-09-12,16:07,$3650,sausalito,True,None,2,1304ft2
California,sfbay,nby,apts & housing for rent,6975256869,None,Lovely Sausalito Townhouse W/ Water View,https://sfbay.craigslist.org/nby/apa/d/sausalito-lovely-sausalito-townhouse/6975256869.html,2019-09-12,16:07,$3450,sausalito,True,None,2,1248ft2
California,sfbay,nby,apts & housing for rent,6975291060,6635524659,Completely Updated Sausalito Duplex Unit with Fireplace,https://sfbay.craigslist.org/nby/apa/d/sausalito-completely-updated-sausalito/6975291060.html,2019-09-12,16:05,$4000,sausalito,True,None,2,1208ft2
California,sfbay,nby,apts & housing for rent,6977420094,None,Beautiful 2 bedroom townhouse with attached garage,https://sfbay.craigslist.org/nby/apa/d/santa-rosa-beautiful-2-bedroom/6977420094.html,2019-09-12,15:59,$2250,santa rosa,True,None,2,1156ft2
California,sfbay,nby,apts & housing for rent,6977419959,5271536467,Remodeled Condo in Downtown Mill Valley,https://sfbay.craigslist.org/nby/apa/d/corte-madera-remodeled-condo-in/6977419959.html,2019-09-12,15:58,$3600,mill valley,True,None,2,909ft2
California,sfbay,nby,apts & housing for rent,6977418807,None,Tour Today and Ask About our Specials!,https://sfbay.craigslist.org/nby/apa/d/san-rafael-tour-today-and-ask-about-our/6977418807.html,2019-09-12,15:57,$2750,san rafael,True,None,2,970ft2
California,sfbay,nby,apts & housing for rent,6966135797,4856969664,Spacious Two Bedroom Apartment,https://sfbay.craigslist.org/nby/apa/d/spacious-two-bedroom-apartment/6966135797.html,2019-09-12,15:53,$1950,petaluma,True,None,2,860ft2
California,sfbay,nby,apts & housing for rent,6975834491,None,"Private Underground Parking, Bosch Appliances, Cat 5 Wiring",https://sfbay.craigslist.org/nby/apa/d/novato-private-underground-parking/6975834491.html,2019-09-12,15:46,$3902,novato,True,None,2,1368ft2
California,sfbay,nby,apts & housing for rent,6977410500,6971663656,"Beautiful Private Home in St. Helena, CA",https://sfbay.craigslist.org/nby/apa/d/deer-park-beautiful-private-home-in-st/6977410500.html,2019-09-12,15:44,$3800,napa county,True,None,2,1728ft2
California,sfbay,nby,apts & housing for rent,6977399649,None,Large 2 bedroom with new carpet in Theatre Square,https://sfbay.craigslist.org/nby/apa/d/petaluma-large-2-bedroom-with-new/6977399649.html,2019-09-12,15:28,$2856,petaluma,True,None,2,1237ft2
California,sfbay,nby,apts & housing for rent,6977398245,None,"Spacious, comfortable 1028 Sq Ft 2 bed, 1 bath! Now showing!",https://sfbay.craigslist.org/nby/apa/d/petaluma-spacious-comfortable-1028-sq/6977398245.html,2019-09-12,15:26,$2359,petaluma,True,None,2,1028ft2
California,sfbay,nby,apts & housing for rent,6977394908,None,Make the Move to Sonoma Ridge at Bennett Valley! Pets Are Welcome!!!,https://sfbay.craigslist.org/nby/apa/d/santa-rosa-make-the-move-to-sonoma/6977394908.html,2019-09-12,15:25,$2199,santa rosa,True,None,2,1000ft2
California,sfbay,nby,apts & housing for rent,6977396893,None,There's no better place to call your own than this 2 bed/1 bath!,https://sfbay.craigslist.org/nby/apa/d/petaluma-theres-no-better-place-to-call/6977396893.html,2019-09-12,15:24,$2165,petaluma,True,None,2,885ft2
California,sfbay,nby,apts & housing for rent,6963051513,6791739177,AMAZING 2 bed 2 bath apartment available Oct 8th!! Lease Now!,https://sfbay.craigslist.org/nby/apa/d/rohnert-park-amazing-2-bed-2-bath/6963051513.html,2019-09-12,15:22,$2403,rohnert pk / cotati,True,None,2,1076ft2
California,sfbay,nby,apts & housing for rent,6977380333,None,delight house in a special location at your convinent,https://sfbay.craigslist.org/nby/apa/d/delight-house-in-special-location-at/6977380333.html,2019-09-12,15:20,$1100,"Napa, CA",True,None,2,980ft2
California,sfbay,nby,apts & housing for rent,6963119618,None,Beautiful 2-bedroom condo/apartment!,https://sfbay.craigslist.org/nby/apa/d/rohnert-park-beautiful-2-bedroom-condo/6963119618.html,2019-09-12,15:10,$2100,rohnert pk / cotati,True,None,2,912ft2
California,sfbay,nby,apts & housing for rent,6977386269,6918735524,/2BR - Santa Rosa/Oakmont 55 plus community,https://sfbay.craigslist.org/nby/apa/d/santa-rosa-2br-santa-rosa-oakmont-55/6977386269.html,2019-09-12,15:09,$1850,santa rosa,True,None,2,None
California,sfbay,nby,apts & housing for rent,6973004636,None,SPACIOUS 2/2 IN DOWNTOWN NOVATO INSIDE LAUNDRY 24 HOUR FITNESS ROOM,https://sfbay.craigslist.org/nby/apa/d/novato-spacious-2-2-in-downtown-novato/6973004636.html,2019-09-12,14:53,$3693,novato,True,None,2,1298ft2
California,sfbay,nby,apts & housing for rent,6965432692,None,Adorable 2 Bedroom Unit in Downtown San Anselmo.- PRANDI,https://sfbay.craigslist.org/nby/apa/d/san-anselmo-adorable-2-bedroom-unit-in/6965432692.html,2019-09-12,14:46,$2650,san rafael,True,None,2,905ft2
California,sfbay,nby,apts & housing for rent,6977359917,None,Enjoy wonderful views from your new 1028 SqFt 2 Bed / 1.5 Bath!,https://sfbay.craigslist.org/nby/apa/d/petaluma-enjoy-wonderful-views-from/6977359917.html,2019-09-12,14:33,$2295,petaluma,True,None,2,1028ft2
California,sfbay,nby,apts & housing for rent,6977353836,None,Pet Friendly Two Bedroom with Plank Flooring!,https://sfbay.craigslist.org/nby/apa/d/sausalito-pet-friendly-two-bedroom-with/6977353836.html,2019-09-12,14:26,$3414,sausalito,True,None,2,888ft2
California,sfbay,nby,apts & housing for rent,6973691876,None,"Walk to Restaurants & Movies, Walk-in Closet, A/C, Garage Parking!",https://sfbay.craigslist.org/nby/apa/d/petaluma-walk-to-restaurants-movies/6973691876.html,2019-09-12,14:24,$3051,petaluma,True,None,2,1237ft2
California,sfbay,nby,apts & housing for rent,6973001631,6425615035,☆ MOVE IN TODAY AND YOUR FIRST MONTH IS FREE!!!☆,https://sfbay.craigslist.org/nby/apa/d/santa-rosa-move-in-today-and-your-first/6973001631.html,2019-09-12,14:18,$2174,santa rosa,True,None,2,None
California,sfbay,nby,apts & housing for rent,6977341860,4879399970,1 Bed/1 Bath,https://sfbay.craigslist.org/nby/apa/d/san-rafael-1-bed-1-bath/6977341860.html,2019-09-12,14:11,$1650,novato,True,None,2,585ft2
California,sfbay,nby,apts & housing for rent,6977339007,None,Furnished 2-bedroom in Mill Valley,https://sfbay.craigslist.org/nby/apa/d/mill-valley-furnished-2-bedroom-in-mill/6977339007.html,2019-09-12,14:07,$3100,mill valley,True,None,2,800ft2
California,sfbay,nby,apts & housing for rent,6977338931,None,Condo Town House 2x2 plus L@@k what what we OfFeR,https://sfbay.craigslist.org/nby/apa/d/rohnert-park-condo-town-house-2x2-plus/6977338931.html,2019-09-12,14:07,$2200,rohnert pk / cotati,True,None,2,1392ft2
California,sfbay,nby,apts & housing for rent,6977335615,None,"Breathe Out Negativity, and Breathe in a New Life at Acacia!",https://sfbay.craigslist.org/nby/apa/d/santa-rosa-breathe-out-negativity-and/6977335615.html,2019-09-12,14:03,$2402,santa rosa,True,None,2,1036ft2
California,sfbay,nby,apts & housing for rent,6977315174,6934881722,Fully Renovated & Close to Everything!,https://sfbay.craigslist.org/nby/apa/d/santa-rosa-fully-renovated-close-to/6977315174.html,2019-09-12,14:00,$2150,santa rosa,True,None,2,1200ft2
California,sfbay,nby,apts & housing for rent,6972732402,None,GORGEOUS 2 BEDROOM DOWNTOWN NAPA HOME!,https://sfbay.craigslist.org/nby/apa/d/napa-gorgeous-2-bedroom-downtown-napa/6972732402.html,2019-09-12,13:52,$3150,napa county,True,None,2,1200ft2
California,sfbay,nby,apts & housing for rent,6968725775,6941567141,UNIQUE UPVALLEY FULLY FURNISHED 2 BEDROOM WINE COUNTRY HOME,https://sfbay.craigslist.org/nby/apa/d/angwin-unique-upvalley-fully-furnished/6968725775.html,2019-09-12,13:52,$3800,napa county,True,None,2,2131ft2
California,sfbay,nby,apts & housing for rent,6977319679,None,BEAUTIFULLY APPOINTED 2X2 QUARTZ KITCHEN AND BATH,https://sfbay.craigslist.org/nby/apa/d/santa-rosa-beautifully-appointed-2x2/6977319679.html,2019-09-12,13:43,$2339,santa rosa,True,None,2,None
California,sfbay,nby,apts & housing for rent,6971402287,None,"Recycling Program, Immediate Freeway Access, Cat 5 Wiring",https://sfbay.craigslist.org/nby/apa/d/novato-recycling-program-immediate/6971402287.html,2019-09-12,13:42,$3693,novato,True,None,2,1298ft2
California,sfbay,nby,apts & housing for rent,6974221263,6433763692,Free Wi-Fi Garden Apt Granite Hardwood Floors Walk 2 Safeway School 5,https://sfbay.craigslist.org/nby/apa/d/santa-rosa-free-wi-fi-garden-apt/6974221263.html,2019-09-12,13:42,$2062,santa rosa,True,None,2,900ft2
California,sfbay,nby,apts & housing for rent,6973802139,None,"1st Floor, Plank Flooring, W/D, A/C, Upgraded, Waterfront, $1000 off!",https://sfbay.craigslist.org/nby/apa/d/petaluma-1st-floor-plank-flooring-d-c/6973802139.html,2019-09-12,13:41,$2779,petaluma,True,None,2,1022ft2
California,sfbay,nby,apts & housing for rent,6977315698,None,Attached Two Car Garage! 2 Bedroom 2 Bath Townhouse- Call Now!!,https://sfbay.craigslist.org/nby/apa/d/santa-rosa-attached-two-car-garage-2/6977315698.html,2019-09-12,13:39,$3080,santa rosa,True,None,2,1440ft2
California,sfbay,nby,apts & housing for rent,6977311192,6967589603,"2Bed 1Bath Spacious, Garden Setting",https://sfbay.craigslist.org/nby/apa/d/fulton-2bed-1bath-spacious-garden/6977311192.html,2019-09-12,13:34,$2000,santa rosa,True,None,2,990ft2
California,sfbay,nby,apts & housing for rent,6977306673,6590512855,$1750_2 bedroom 1 bath apartment available in beautiful Glen Ellen,https://sfbay.craigslist.org/nby/apa/d/eldridge-bedroom-1-bath-apartment/6977306673.html,2019-09-12,13:28,$1750,sonoma,True,None,2,800ft2
California,sfbay,nby,apts & housing for rent,6977299460,None,Upstairs Remodeled Unit - 2bd 1ba,https://sfbay.craigslist.org/nby/apa/d/ukiah-upstairs-remodeled-unit-2bd-1ba/6977299460.html,2019-09-12,13:19,$1475,mendocino county,True,None,2,805ft2
California,sfbay,nby,apts & housing for rent,6970876523,5695888669,Large 2 br apt. w/ private balcony near downtown and DU,https://sfbay.craigslist.org/nby/apa/d/large-2-br-apt-private-balcony-near/6970876523.html,2019-09-12,13:05,$2500,san rafael,True,None,2,None
California,sfbay,nby,apts & housing for rent,6977279247,None,GRAB A VIEW! LAKES AND FOUNTAINS RIGHT OUTSIDE OUR WINDOWS!,https://sfbay.craigslist.org/nby/apa/d/santa-rosa-grab-view-lakes-and/6977279247.html,2019-09-12,12:56,$2479,santa rosa,True,None,2,None
California,sfbay,nby,apts & housing for rent,6962294281,4856969664,$1000 Off One First Months' Rent!!,https://sfbay.craigslist.org/nby/apa/d/1000-off-one-first-months-rent/6962294281.html,2019-09-12,12:55,$1995,petaluma,True,None,2,900ft2
California,sfbay,nby,apts & housing for rent,6971490677,None,"Tech Area or Den, Non-Smoking Community, Controlled Access Building",https://sfbay.craigslist.org/nby/apa/d/novato-tech-area-or-den-non-smoking/6971490677.html,2019-09-12,12:51,$3902,novato,True,None,2,1368ft2
California,sfbay,nby,apts & housing for rent,6967976059,6425615035,THE SUN IS SHINING AT OAK CREEK! 1st MONTH FREE!!,https://sfbay.craigslist.org/nby/apa/d/santa-rosa-the-sun-is-shining-at-oak/6967976059.html,2019-09-12,12:49,$2124,santa rosa,True,None,2,None
California,sfbay,nby,apts & housing for rent,6977262011,None,Play a game of tennis at The Vineyard Luxury Apartments! Tennis Court,https://sfbay.craigslist.org/nby/apa/d/petaluma-play-game-of-tennis-at-the/6977262011.html,2019-09-12,12:49,$2295,petaluma,True,None,2,1028ft2
California,sfbay,nby,apts & housing for rent,6977272500,None,"2 bedroom apartment ~ Accepting Sec 8, Co-signers, small pets",https://sfbay.craigslist.org/nby/apa/d/santa-rosa-2-bedroom-apartment/6977272500.html,2019-09-12,12:48,$2300,santa rosa,True,None,2,992ft2
California,sfbay,nby,apts & housing for rent,6977266210,None,"Ground Floor 2Bed/2Bath in Charming Bennett Valley! A/C, Pool, Gym!!!",https://sfbay.craigslist.org/nby/apa/d/santa-rosa-ground-floor-2bed-2bath-in/6977266210.html,2019-09-12,12:46,$2249,santa rosa,True,None,2,1000ft2
California,sfbay,nby,apts & housing for rent,6977263942,None,"Open House!! Tour Our Pet Friendly, Modern, 2 Bedroom Town-Home!!",https://sfbay.craigslist.org/nby/apa/d/santa-rosa-open-house-tour-our-pet/6977263942.html,2019-09-12,12:38,$2195,santa rosa,True,None,2,1117ft2
California,sfbay,nby,apts & housing for rent,6971367426,5442175744,Beautiful 2BR-1.5 Bath in Ignacio Valley! 1 month FREE!,https://sfbay.craigslist.org/nby/apa/d/san-rafael-beautiful-2br-15-bath-in/6971367426.html,2019-09-12,12:36,$2795,novato,True,None,2,1000ft2
California,sfbay,nby,apts & housing for rent,6977256327,None,"Walk to Downtown Santa Rosa, Cats and Dogs Ok, Smart Rent Smart Homes",https://sfbay.craigslist.org/nby/apa/d/santa-rosa-walk-to-downtown-santa-rosa/6977256327.html,2019-09-12,12:29,$2250,santa rosa,True,None,2,950ft2
California,sfbay,nby,apts & housing for rent,6977255636,6955448416,Downtown Napa 2 bed 1 bath in quiet fourplex,https://sfbay.craigslist.org/nby/apa/d/napa-downtown-napa-2-bed-1-bath-in/6977255636.html,2019-09-12,12:29,$2100,napa county,True,None,2,980ft2
California,sfbay,nby,apts & housing for rent,6977250590,6815508825,WALK TO DOWNTOWN! 2bd/2ba Home in Napa,https://sfbay.craigslist.org/nby/apa/d/napa-walk-to-downtown-2bd-2ba-home-in/6977250590.html,2019-09-12,12:23,$2900,napa county,True,None,2,1200ft2
California,sfbay,nby,apts & housing for rent,6977245295,None,"Compact Luxury: Pet Friendly, 2 Bedroom in Graton Community",https://sfbay.craigslist.org/nby/apa/d/graton-compact-luxury-pet-friendly-2/6977245295.html,2019-09-12,12:19,$2000,sebastopol,True,None,2,850ft2
California,sfbay,nby,apts & housing for rent,6973056885,6942833422,Beautiful Townhome!  Waiting for YOU!!,https://sfbay.craigslist.org/nby/apa/d/rohnert-park-beautiful-townhome-waiting/6973056885.html,2019-09-12,12:18,$2099,rohnert pk / cotati,True,None,2,None
California,sfbay,nby,apts & housing for rent,6977232829,None,Style and Luxury at The Vineyard Luxury Apartments. 2 bed / 1.5 bath /,https://sfbay.craigslist.org/nby/apa/d/petaluma-style-and-luxury-at-the/6977232829.html,2019-09-12,12:16,$2295,rohnert pk / cotati,True,None,2,1028ft2
California,sfbay,nby,apts & housing for rent,6957332390,6929141430,2 bedroom condo in desirable Bennett Valley!,https://sfbay.craigslist.org/nby/apa/d/santa-rosa-2-bedroom-condo-in-desirable/6957332390.html,2019-09-12,12:08,$1850,santa rosa,True,None,2,1084ft2
California,sfbay,nby,apts & housing for rent,6956006738,6940997229,condo 2 bedroom 1 1/2 bath for rent,https://sfbay.craigslist.org/nby/apa/d/sausalito-condo-2-bedroom-bath-for-rent/6956006738.html,2019-09-12,12:05,$3500,sausalito,True,None,2,1050ft2
California,sfbay,nby,apts & housing for rent,6977229885,6961028982,Very Large 2BR/2BA New Remodel with Incredible Views,https://sfbay.craigslist.org/nby/apa/d/mill-valley-very-large-2br-2ba-new/6977229885.html,2019-09-12,12:00,$3100,mill valley,True,None,2,None
California,sfbay,nby,apts & housing for rent,6966623419,4856969664,Reduced Rate-$1000 Off One First Months' Rent!!,https://sfbay.craigslist.org/nby/apa/d/reduced-rate-1000-off-one-first-months/6966623419.html,2019-09-12,11:54,$1995,petaluma,True,None,2,900ft2
California,sfbay,nby,apts & housing for rent,6965957933,None,Napa Valley Bungalow with Valley Views,https://sfbay.craigslist.org/nby/apa/d/calistoga-napa-valley-bungalow-with/6965957933.html,2019-09-12,11:51,$2900,napa county,True,None,2,None
California,sfbay,nby,apts & housing for rent,6972364319,None,Large 2 bedroom with lots of windows and full washer dryer,https://sfbay.craigslist.org/nby/apa/d/petaluma-large-2-bedroom-with-lots-of/6972364319.html,2019-09-12,11:37,$3051,petaluma,True,None,2,1237ft2
California,sfbay,nby,apts & housing for rent,6977202277,6970691416,Your New Home Is Waiting For You! Lease Today!,https://sfbay.craigslist.org/nby/apa/d/fulton-your-new-home-is-waiting-for-you/6977202277.html,2019-09-12,11:30,$2370,santa rosa,True,None,2,1118ft2
California,sfbay,nby,apts & housing for rent,6977199558,None,One FREE month with one year lease! Convenient seclusion at Northgate,https://sfbay.craigslist.org/nby/apa/d/san-rafael-one-free-month-with-one-year/6977199558.html,2019-09-12,11:27,$2850,san rafael,True,None,2,985ft2
California,sfbay,nby,apts & housing for rent,6977197937,6937026002,2BR 1BA Healdsburg home,https://sfbay.craigslist.org/nby/apa/d/healdsburg-2br-1ba-healdsburg-home/6977197937.html,2019-09-12,11:26,$2400,healdsburg / windsor,True,None,2,None
California,sfbay,nby,apts & housing for rent,6977195994,6971528303,2BR 2BA 55+ adult community,https://sfbay.craigslist.org/nby/apa/d/healdsburg-2br-2ba-55-adult-community/6977195994.html,2019-09-12,11:24,$2300,healdsburg / windsor,True,None,2,None
California,sfbay,nby,apts & housing for rent,6977189584,None,Spacious and Bright in Captain's Cove,https://sfbay.craigslist.org/nby/apa/d/san-rafael-spacious-and-bright-in/6977189584.html,2019-09-12,11:17,$2750,san rafael,True,None,2,987ft2
California,sfbay,nby,apts & housing for rent,6962976804,None,Don't wait call today ! Two bedroom with washer & dryer.,https://sfbay.craigslist.org/nby/apa/d/novato-dont-wait-call-today-two-bedroom/6962976804.html,2019-09-12,11:15,$2995,novato,True,None,2,980ft2
California,sfbay,nby,apts & housing for rent,6977183027,None,Dubrava Village 2/2-Guerneville,https://sfbay.craigslist.org/nby/apa/d/guerneville-dubrava-village-2-2/6977183027.html,2019-09-12,11:10,$1950,russian river,True,None,2,969ft2
California,sfbay,nby,apts & housing for rent,6977178760,None,Park Vue Is Pet Friendly (And $500 Off Move-In Fees)!!!,https://sfbay.craigslist.org/nby/apa/d/santa-rosa-park-vue-is-pet-friendly-and/6977178760.html,2019-09-12,11:05,$1999,santa rosa,True,None,2,896ft2
California,sfbay,nby,apts & housing for rent,6977149224,6963401703,$500 off one month rent - CALL TO SEE!,https://sfbay.craigslist.org/nby/apa/d/santa-rosa-500-off-one-month-rent-call/6977149224.html,2019-09-12,11:02,$2095,santa rosa,True,None,2,895ft2
California,sfbay,nby,apts & housing for rent,6972880431,None,Available Now! 2 Bedroom San Rafael Apartment - PRANDI,https://sfbay.craigslist.org/nby/apa/d/san-rafael-available-now-2-bedroom-san/6972880431.html,2019-09-12,11:01,$2650,san rafael,True,None,2,None
California,sfbay,nby,apts & housing for rent,6977162539,None,Condo/Townhome in Sausalito,https://sfbay.craigslist.org/nby/apa/d/sausalito-condo-townhome-in-sausalito/6977162539.html,2019-09-12,10:48,$3700,Sausalito,True,None,2,None
California,sfbay,nby,apts & housing for rent,6977148045,6963812663,IMMEDIATE MOVE IN - 2 BEDROOM - PET FRIENDLY - AC - WD IN UNIT,https://sfbay.craigslist.org/nby/apa/d/santa-rosa-immediate-move-in-2-bedroom/6977148045.html,2019-09-12,10:46,$2095,santa rosa,True,None,2,895ft2
California,sfbay,nby,apts & housing for rent,6977159661,None,"2+ bedroom house, Inverness",https://sfbay.craigslist.org/nby/apa/d/inverness-2-bedroom-house-inverness/6977159661.html,2019-09-12,10:45,$3200,west marin,True,None,2,2200ft2
California,sfbay,nby,apts & housing for rent,6977159528,6887607492,Beautiful 2br - Stunning views,https://sfbay.craigslist.org/nby/apa/d/sausalito-beautiful-2br-stunning-views/6977159528.html,2019-09-12,10:45,$3250,sausalito,True,None,2,900ft2
California,sfbay,nby,apts & housing for rent,6977159026,6641896862,Santa Rosa JC Charmer 2 Bedroom 1 Bath 1063 sq. ft.,https://sfbay.craigslist.org/nby/apa/d/santa-rosa-santa-rosa-jc-charmer-2/6977159026.html,2019-09-12,10:45,$2200,santa rosa,True,None,2,1063ft2
California,sfbay,nby,apts & housing for rent,6968182003,None,"Central Heat and Air Conditioning, Bosch Appliances, Cat 5 Wiring",https://sfbay.craigslist.org/nby/apa/d/novato-central-heat-and-air/6968182003.html,2019-09-12,10:44,$3693,novato,True,None,2,1298ft2
California,sfbay,nby,apts & housing for rent,6977156176,None,Sweet cottage 1.5 blocks from the heart of downtown Fairfax,https://sfbay.craigslist.org/nby/apa/d/san-anselmo-sweet-cottage-15-blocks/6977156176.html,2019-09-12,10:42,$3150,fairfax,True,None,2,1050ft2
California,sfbay,nby,apts & housing for rent,6977155882,None,$500 OFF MOVE-IN COST LOOK & LEASE SPECIAL - GORGEOUS 2 BEDROOM 2 BATH,https://sfbay.craigslist.org/nby/apa/d/petaluma-500-off-move-in-cost-look/6977155882.html,2019-09-12,10:41,$2420,petaluma,True,None,2,None
California,sfbay,nby,apts & housing for rent,6977153371,None,Comfortable & convenient 2 bed / 1 bath townhome at The Vineyard Luxur,https://sfbay.craigslist.org/nby/apa/d/petaluma-comfortable-convenient-2-bed-1/6977153371.html,2019-09-12,10:39,$2165,petaluma,True,None,2,885ft2
California,sfbay,nby,apts & housing for rent,6977150009,6961792376,Near SRJC - 2 bed apt home near Santa Rosa Junior College,https://sfbay.craigslist.org/nby/apa/d/santa-rosa-near-srjc-2-bed-apt-home/6977150009.html,2019-09-12,10:35,$2095,santa rosa,True,None,2,895ft2
California,sfbay,nby,apts & housing for rent,6977147874,None,$500 Off Your Move-In! 2 Bedroom 1 Bathroom Available NOW!!!,https://sfbay.craigslist.org/nby/apa/d/santa-rosa-500-off-your-move-in-2/6977147874.html,2019-09-12,10:33,$1899,santa rosa,True,None,2,780ft2
California,sfbay,nby,apts & housing for rent,6969415461,6901860792,"On the water in ""Old Town Sausalito""",https://sfbay.craigslist.org/nby/apa/d/sausalito-on-the-water-in-old-town/6969415461.html,2019-09-12,10:33,$4500,sausalito,True,None,2,1200ft2
California,sfbay,nby,apts & housing for rent,6977145413,None,"Bright Windows, Beautiful Views, Napa Home Available Now!",https://sfbay.craigslist.org/nby/apa/d/bright-windows-beautiful-views-napa/6977145413.html,2019-09-12,10:30,$2896,napa county,True,None,2,1052ft2
California,sfbay,nby,apts & housing for rent,6977140689,6952352975,2 bed 1 bath Apartment-Guerneville,https://sfbay.craigslist.org/nby/apa/d/monte-rio-2-bed-1-bath-apartment/6977140689.html,2019-09-12,10:25,$2000,russian river,True,None,2,800ft2
California,sfbay,nby,apts & housing for rent,6975231433,None,Beautiful Corner Townhome w/ TWO Car Garage,https://sfbay.craigslist.org/nby/apa/d/santa-rosa-beautiful-corner-townhome/6975231433.html,2019-09-12,10:24,$3080,santa rosa,True,None,2,1440ft2
California,sfbay,nby,apts & housing for rent,6975172575,None,2 Bedroom Townhome w/ 2 Car Garage & 2 Balconies!,https://sfbay.craigslist.org/nby/apa/d/santa-rosa-2-bedroom-townhome-2-car/6975172575.html,2019-09-12,10:24,$3080,santa rosa,True,None,2,1440ft2
California,sfbay,nby,apts & housing for rent,6975042971,None,Beautiful Townhome + 2 Car Garage in Fountaingrove,https://sfbay.craigslist.org/nby/apa/d/santa-rosa-beautiful-townhome-2-car/6975042971.html,2019-09-12,10:24,$3080,santa rosa,True,None,2,1440ft2
California,sfbay,nby,apts & housing for rent,6977124739,6936380656,Pet Friendly Two Bedroom Two Bath Available! Lease Today!,https://sfbay.craigslist.org/nby/apa/d/fulton-pet-friendly-two-bedroom-two/6977124739.html,2019-09-12,10:20,$2370,santa rosa,True,None,2,1118ft2
California,sfbay,nby,apts & housing for rent,6965161924,6919511951,"Two-story, sunlight-filled with townhouse feel and large garage",https://sfbay.craigslist.org/nby/apa/d/san-rafael-two-story-sunlight-filled/6965161924.html,2019-09-12,10:12,$2675,san rafael,True,None,2,1250ft2
California,sfbay,nby,apts & housing for rent,6977127457,6957589196,Charming West Petaluma 2 bedroom 1.5 bathroom Home,https://sfbay.craigslist.org/nby/apa/d/petaluma-charming-west-petaluma-2/6977127457.html,2019-09-12,10:11,$2200,petaluma,True,None,2,None
California,sfbay,nby,apts & housing for rent,6977116684,6848835847,Beautiful & Spacious 2x2 Apartment Home Available Soon!,https://sfbay.craigslist.org/nby/apa/d/napa-beautiful-spacious-2x2-apartment/6977116684.html,2019-09-12,10:07,$2500,napa county,True,None,2,1088ft2
California,sfbay,nby,apts & housing for rent,6977114320,6620344452,Townhouse Style 2x1 Available Now..Call Today,https://sfbay.craigslist.org/nby/apa/d/petaluma-townhouse-style-2x1-available/6977114320.html,2019-09-12,09:58,$2299,petaluma,True,None,2,750ft2
California,sfbay,nby,apts & housing for rent,6972059928,4878777985,GREAT TOWNHOUSE CLOSE TO EVERYTHING,https://sfbay.craigslist.org/nby/apa/d/santa-rosa-great-townhouse-close-to/6972059928.html,2019-09-12,09:53,$2000,santa rosa,True,None,2,960ft2
California,sfbay,nby,apts & housing for rent,6977088130,6929364881,Convenient Location. Beautiful Community. Fountaingrove Living,https://sfbay.craigslist.org/nby/apa/d/santa-rosa-convenient-location/6977088130.html,2019-09-12,09:52,$2895,santa rosa,True,None,2,1118ft2
California,sfbay,nby,apts & housing for rent,6977106785,None,Lone Palm Court Apartments: 2-Bedroom Flat (ground floor),https://sfbay.craigslist.org/nby/apa/d/kentfield-lone-palm-court-apartments-2/6977106785.html,2019-09-12,09:50,$2600,san rafael,True,None,2,843ft2
California,sfbay,nby,apts & housing for rent,6963189384,6425615035,**FALL SPECIAL**1st MONTH FREE!! MOVE-IN READY,https://sfbay.craigslist.org/nby/apa/d/santa-rosa-fall-special1st-month-free/6963189384.html,2019-09-12,09:46,$2124,santa rosa,True,None,2,None
California,sfbay,nby,apts & housing for rent,6957240023,None,"8201 Camino Colegio #120 - Pool & Tennis, Refrigerator, Washer/Dryer",https://sfbay.craigslist.org/nby/apa/d/cotati-8201-camino-colegio-pool-tennis/6957240023.html,2019-09-12,09:46,$2000,rohnert pk / cotati,True,None,2,900ft2
California,sfbay,nby,apts & housing for rent,6967490918,6940704466,55+ Adult Senior Community Oakmont Village,https://sfbay.craigslist.org/nby/apa/d/santa-rosa-55-adult-senior-community/6967490918.html,2019-09-12,09:45,$1950,santa rosa,True,None,2,1297ft2
California,sfbay,nby,apts & housing for rent,6955964779,None,"Pleasant Hill Farm, Sebastopol Gorgeous Restored Farm House",https://sfbay.craigslist.org/nby/apa/d/sebastopol-pleasant-hill-farm/6955964779.html,2019-09-12,09:45,$5950,santa rosa,True,None,2,2850ft2
California,sfbay,nby,apts & housing for rent,6962301499,4905478629,Ignacio Hills Apts  2x1  Available Soon!,https://sfbay.craigslist.org/nby/apa/d/san-rafael-ignacio-hills-apts-2x1/6962301499.html,2019-09-12,09:37,$3100,novato,True,None,2,950ft2
California,sfbay,nby,apts & housing for rent,6972324760,None,central Sonoma 2bedroom cottage,https://sfbay.craigslist.org/nby/apa/d/el-verano-central-sonoma-2bedroom/6972324760.html,2019-09-12,09:36,$3000,sonoma,True,None,2,1600ft2
California,sfbay,nby,apts & housing for rent,6963053918,6936942413,"Say “Yes” To Clean, Quiet and Cozy, Huge Views",https://sfbay.craigslist.org/nby/apa/d/belvedere-tiburon-say-yes-to-clean/6963053918.html,2019-09-12,09:32,$3779,tiburon / belvedere,True,None,2,1100ft2
California,sfbay,nby,apts & housing for rent,6958898683,None,"Walk to Smart Train Station, Controlled Access Lobby, Plank Flooring",https://sfbay.craigslist.org/nby/apa/d/petaluma-walk-to-smart-train-station/6958898683.html,2019-09-12,09:32,$2769,petaluma,True,None,2,1022ft2
California,sfbay,nby,apts & housing for rent,6970562662,None,2 Bedroom 1 Bathroom with Balcony in Civic Center Neighborhood,https://sfbay.craigslist.org/nby/apa/d/kentfield-2-bedroom-1-bathroom-with/6970562662.html,2019-09-12,09:29,$2600,san rafael,True,None,2,750ft2
California,sfbay,nby,apts & housing for rent,6972027811,6957254145,2BR 2BA One-level Townhome with 2 car parking,https://sfbay.craigslist.org/nby/apa/d/mill-valley-2br-2ba-one-level-townhome/6972027811.html,2019-09-12,09:23,$3600,mill valley,True,None,2,1100ft2
California,sfbay,nby,apts & housing for rent,6977079516,None,"Stylish Two Bedroom, Two Bath in Northgate",https://sfbay.craigslist.org/nby/apa/d/san-rafael-stylish-two-bedroom-two-bath/6977079516.html,2019-09-12,09:23,$2850,san rafael,True,None,2,984ft2
California,sfbay,nby,apts & housing for rent,6977071786,6258371470,Spacious Two Bedroom Apartment Located in Charming Complex Near Spring,https://sfbay.craigslist.org/nby/apa/d/santa-rosa-spacious-two-bedroom/6977071786.html,2019-09-12,09:15,$1695,santa rosa,True,None,2,None
California,sfbay,nby,apts & housing for rent,6977068590,None,1st. Floor 2bd/1ba Coming Soon ! Reserve it Today!!!,https://sfbay.craigslist.org/nby/apa/d/san-rafael-1st-floor-2bd-1ba-coming/6977068590.html,2019-09-12,09:11,$2900,san rafael,True,None,2,954ft2
California,sfbay,nby,apts & housing for rent,6977055505,None,Reduced Price On Our Renovated Town-Home!! Come By And Tour Today!!,https://sfbay.craigslist.org/nby/apa/d/santa-rosa-reduced-price-on-our/6977055505.html,2019-09-12,08:57,$2195,santa rosa,True,None,2,1117ft2
California,sfbay,nby,apts & housing for rent,6977053909,None,Spacious Living in Historic Sonoma Mission Apartments,https://sfbay.craigslist.org/nby/apa/d/boyes-hot-springs-spacious-living-in/6977053909.html,2019-09-12,08:56,$2100,sonoma,True,None,2,835ft2
California,sfbay,nby,apts & housing for rent,6977048867,6971471208,Furnished 2 BR 1Bath house in Rincon valley,https://sfbay.craigslist.org/nby/apa/d/santa-rosa-furnished-2-br-1bath-house/6977048867.html,2019-09-12,08:51,$2550,santa rosa,True,None,2,700ft2
California,sfbay,nby,apts & housing for rent,6972018503,6533541180,Beautiful Remodeled Townhome JC Neighborhood!,https://sfbay.craigslist.org/nby/apa/d/santa-rosa-beautiful-remodeled-townhome/6972018503.html,2019-09-12,08:48,$2250,santa rosa,True,None,2,1000ft2
California,sfbay,nby,apts & housing for rent,6972019073,6533541180,Beautiful Remodeled Townhome JC Neighborhood!,https://sfbay.craigslist.org/nby/apa/d/santa-rosa-beautiful-remodeled-townhome/6972019073.html,2019-09-12,08:48,$2250,santa rosa,True,None,2,1000ft2
California,sfbay,nby,apts & housing for rent,6972019668,6533541180,Beautiful Remodeled Townhome JC Neighborhood!,https://sfbay.craigslist.org/nby/apa/d/santa-rosa-beautiful-remodeled-townhome/6972019668.html,2019-09-12,08:47,$2250,santa rosa,True,None,2,1000ft2
California,sfbay,nby,apts & housing for rent,6973622997,6433193882,Free Wi-Fi Garden Apt Granite Hardwood Floors Walk 2 Safeway School 4,https://sfbay.craigslist.org/nby/apa/d/santa-rosa-free-wi-fi-garden-apt/6973622997.html,2019-09-12,08:47,$2062,santa rosa,True,None,2,900ft2
California,sfbay,nby,apts & housing for rent,6969844902,6191182590,"***Spacious 2 bedroom with parking and W/D! $1,000 off!!***",https://sfbay.craigslist.org/nby/apa/d/ross-spacious-2-bedroom-with-parking/6969844902.html,2019-09-12,08:10,$2855,san rafael,True,None,2,1011ft2
California,sfbay,nby,apts & housing for rent,6976946080,6971548833,Angwin Rental 5 miles to  st. Helena,https://sfbay.craigslist.org/nby/apa/d/angwin-angwin-rental-5-miles-to-st/6976946080.html,2019-09-12,06:49,$1700,napa county,True,None,2,1400ft2
California,sfbay,nby,apts & housing for rent,6976921244,6956219286,2-BEDROOM ONE BATH DUPLEX HEALDSBURG,https://sfbay.craigslist.org/nby/apa/d/healdsburg-2-bedroom-one-bath-duplex/6976921244.html,2019-09-12,06:10,$2200,healdsburg / windsor,True,None,2,1000ft2
California,sfbay,nby,apts & housing for rent,6976854862,None,Charming 2 bedroom 1 bath flat best of East Side location,https://sfbay.craigslist.org/nby/apa/d/vineburg-charming-2-bedroom-1-bath-flat/6976854862.html,2019-09-12,00:28,$2350,sonoma,True,None,2,600ft2
California,sfbay,nby,apts & housing for rent,6976851038,6931323211,BEAUTIFUL VIEW 2 BD 1 BA LAUNDRY IN UNIT,https://sfbay.craigslist.org/nby/apa/d/sausalito-beautiful-view-2-bd-1-ba/6976851038.html,2019-09-11,23:50,$3350,sausalito,True,None,2,None
California,sfbay,nby,apts & housing for rent,6976850995,6931323211,BEAUTIFUL VIEW 2 BD 1 BA LAUNDRY IN UNIT,https://sfbay.craigslist.org/nby/apa/d/sausalito-beautiful-view-2-bd-1-ba/6976850995.html,2019-09-11,23:49,$3350,sausalito,True,None,2,None
California,sfbay,nby,apts & housing for rent,6976846227,None,Beautiful one of a kind home,https://sfbay.craigslist.org/nby/apa/d/potter-valley-beautiful-one-of-kind-home/6976846227.html,2019-09-11,23:10,$1800,mendocino county,True,None,2,1447ft2
California,sfbay,nby,apts & housing for rent,6971962776,4611921710,Home on Historic Matheson Street,https://sfbay.craigslist.org/nby/apa/d/healdsburg-home-on-historic-matheson/6971962776.html,2019-09-11,21:42,$3325,healdsburg / windsor,True,None,2,1418ft2
California,sfbay,nby,apts & housing for rent,6972838556,None,"Healdsburg House on Highly Desirable, Historic Matheson St",https://sfbay.craigslist.org/nby/apa/d/healdsburg-healdsburg-house-on-highly/6972838556.html,2019-09-11,21:41,$3325,Healdsburg,True,None,2,1418ft2
California,sfbay,nby,apts & housing for rent,6976826687,6937056323,2 bedroom 1 bath one story house with yard in SESR,https://sfbay.craigslist.org/nby/apa/d/santa-rosa-2-bedroom-1-bath-one-story/6976826687.html,2019-09-11,21:26,$1900,santa rosa,True,None,2,1201ft2
California,sfbay,nby,apts & housing for rent,6973109019,None,"Corian Countertops, Ample Storage, Disposal",https://sfbay.craigslist.org/nby/apa/d/napa-corian-countertops-ample-storage/6973109019.html,2019-09-11,21:22,$2255,Napa,True,None,2,870ft2
California,sfbay,nby,apts & housing for rent,6976824211,4879486495,"Calistoga Napa Valley Furnished Rental Home w/views, walk to town",https://sfbay.craigslist.org/nby/apa/d/calistoga-calistoga-napa-valley/6976824211.html,2019-09-11,21:16,$3850,"Calistoga, Napa Valley,",True,None,2,1250ft2
California,sfbay,nby,apts & housing for rent,6976824054,4879486495,"Calistoga Napa Valley Furnished Rental Home w/views, walk to town",https://sfbay.craigslist.org/nby/apa/d/calistoga-calistoga-napa-valley/6976824054.html,2019-09-11,21:15,$3550,"Calistoga, Napa Valley,",True,None,2,1250ft2
California,sfbay,nby,apts & housing for rent,6976821184,None,"Duplex 2 BR 1 Bath. Bennett Valley, great neighborhood. Convenient and",https://sfbay.craigslist.org/nby/apa/d/santa-rosa-duplex-2-br-1-bath-bennett/6976821184.html,2019-09-11,21:04,$1000,"1222 Jacky Dr, Santa Rosa, CA",True,None,2,900ft2
California,sfbay,nby,apts & housing for rent,6976798299,None,2x2 High Rise Upscale  With All The Amenities,https://sfbay.craigslist.org/nby/apa/d/santa-rosa-2x2-high-rise-upscale-with/6976798299.html,2019-09-11,19:50,$2534,santa rosa,True,None,2,1006ft2
California,sfbay,nby,apts & housing for rent,6976775750,None,2 Bedroom Cottage in Calistoga,https://sfbay.craigslist.org/nby/apa/d/calistoga-2-bedroom-cottage-in-calistoga/6976775750.html,2019-09-11,18:53,$2650,napa county,True,None,2,None
California,sfbay,nby,apts & housing for rent,6971107366,6828246381,"""Old Sonoma"" - Peaceful Creekside Cottage in the Springs",https://sfbay.craigslist.org/nby/apa/d/eldridge-old-sonoma-peaceful-creekside/6971107366.html,2019-09-11,18:51,$2400,sonoma,True,None,2,954ft2
California,sfbay,nby,apts & housing for rent,6976768070,None,"Third Floor, Six Weeks Free Rent, No App. Fees, Experience Luxury",https://sfbay.craigslist.org/nby/apa/d/napa-third-floor-six-weeks-free-rent-no/6976768070.html,2019-09-11,18:41,$2948,napa county,True,None,2,None
California,sfbay,nby,apts & housing for rent,6976750664,6967501739,MUST See In Person! Call to set up a tour!,https://sfbay.craigslist.org/nby/apa/d/santa-rosa-must-see-in-person-call-to/6976750664.html,2019-09-11,18:39,$2095,santa rosa,True,None,2,854ft2
California,sfbay,nby,apts & housing for rent,6976743999,5012825407,2 BEDROOM 2 BATHROOM !!  pow,https://sfbay.craigslist.org/nby/apa/d/2-bedroom-2-bathroom-pow/6976743999.html,2019-09-11,17:46,$2750,novato,True,None,2,1150ft2
California,sfbay,nby,apts & housing for rent,6976743878,4857691820,2 BEDROOM 1 BATH UNIT!! cc,https://sfbay.craigslist.org/nby/apa/d/2-bedroom-1-bath-unit-cc/6976743878.html,2019-09-11,17:46,$1900,rohnert pk / cotati,True,None,2,840ft2
California,sfbay,nby,apts & housing for rent,6976743670,4857703345,LARGE 2bd UNIT--LOTS OF CLOSET SPACE!! vp,https://sfbay.craigslist.org/nby/apa/d/large-2bd-unit-lots-of-closet-space-vp/6976743670.html,2019-09-11,17:46,$2000,rohnert pk / cotati,True,None,2,960ft2
California,sfbay,nby,apts & housing for rent,6976743008,4857695144,SPACIOUS 2BD 1.5BA TOWNHOUSE wal,https://sfbay.craigslist.org/nby/apa/d/spacious-2bd-15ba-townhouse-wal/6976743008.html,2019-09-11,17:44,$2300,novato,True,None,2,960ft2
California,sfbay,nby,apts & housing for rent,6976740906,4877296207,Spacious 2bd 1ba!!  em,https://sfbay.craigslist.org/nby/apa/d/spacious-2bd-1ba-em/6976740906.html,2019-09-11,17:40,$1850,rohnert pk / cotati,True,None,2,838ft2
California,sfbay,nby,apts & housing for rent,6976740675,4897292860,2 BEDROOM APARTMENT Great Location! hw,https://sfbay.craigslist.org/nby/apa/d/2-bedroom-apartment-great-location-hw/6976740675.html,2019-09-11,17:40,$2050,novato,True,None,2,816ft2
California,sfbay,nby,apts & housing for rent,6976740080,None,$500 Off Your Move-In! 2 Bedroom 1 Bathroom Available NOW!!!,https://sfbay.craigslist.org/nby/apa/d/santa-rosa-500-off-your-move-in-2/6976740080.html,2019-09-11,17:39,$2089,santa rosa,True,None,2,780ft2
California,sfbay,nby,apts & housing for rent,6967576883,6812560277,REDUCED RATE & $1000 OFF 1ST MONTH! BEAUTIFULLY REMODELED 2 BEDROOM!,https://sfbay.craigslist.org/nby/apa/d/petaluma-reduced-rate-off-1st-month/6967576883.html,2019-09-11,17:06,$1995,petaluma,True,None,2,900ft2
California,sfbay,nby,apts & housing for rent,6976721479,None,Gorgeous 2BR/1.25BA Apartment Includes Quartz Countertops!,https://sfbay.craigslist.org/nby/apa/d/rohnert-park-gorgeous-2br-125ba/6976721479.html,2019-09-11,17:04,$1949,rohnert pk / cotati,True,None,2,795ft2
California,sfbay,nby,apts & housing for rent,6972377140,None,"Laundry Facility, Carpeting, Hardwood Floors",https://sfbay.craigslist.org/nby/apa/d/napa-laundry-facility-carpeting/6972377140.html,2019-09-11,16:52,$2185,Napa,True,None,2,870ft2
California,sfbay,nby,apts & housing for rent,6976709473,6848835847,Beautiful & Spacious 2x2 Apartment Home Available Soon!,https://sfbay.craigslist.org/nby/apa/d/napa-beautiful-spacious-2x2-apartment/6976709473.html,2019-09-11,16:50,$2500,napa county,True,None,2,1088ft2
California,sfbay,nby,apts & housing for rent,6973109337,6848835847,Beautiful & Spacious 2x2 Apartment Home Available Soon!,https://sfbay.craigslist.org/nby/apa/d/napa-beautiful-spacious-2x2-apartment/6973109337.html,2019-09-11,16:44,$2500,napa county,True,None,2,1088ft2
California,sfbay,nby,apts & housing for rent,6976699959,None,Lease Today To Get Our End Of Summer Deal Before It's Gone!!,https://sfbay.craigslist.org/nby/apa/d/santa-rosa-lease-today-to-get-our-end/6976699959.html,2019-09-11,16:27,$2195,santa rosa,True,None,2,1117ft2
California,sfbay,nby,apts & housing for rent,6976696417,None,A home for everyone - even your pets! Pet friendly 2 bed / 1.5 bath!,https://sfbay.craigslist.org/nby/apa/d/petaluma-home-for-everyone-even-your/6976696417.html,2019-09-11,16:26,$2295,novato,True,None,2,1028ft2
California,sfbay,nby,apts & housing for rent,6976693680,None,"Unique and Beautiful Napa Home, Available Soon",https://sfbay.craigslist.org/nby/apa/d/unique-and-beautiful-napa-home/6976693680.html,2019-09-11,16:17,$2811,napa county,True,None,2,1142ft2
California,sfbay,nby,apts & housing for rent,6976672527,None,$500 Visa gift card - Just for you come join us @ Deer Valley!,https://sfbay.craigslist.org/nby/apa/d/san-rafael-500-visa-gift-card-just-for/6976672527.html,2019-09-11,16:12,$2809,san rafael,True,None,2,981ft2
California,sfbay,nby,apts & housing for rent,6976688389,None,"Enjoy Space, Flexibility, & Beauty at Home!",https://sfbay.craigslist.org/nby/apa/d/petaluma-enjoy-space-flexibility-beauty/6976688389.html,2019-09-11,16:09,$2352,petaluma,True,None,2,879ft2
California,sfbay,nby,apts & housing for rent,6957270967,None,Completely Remodeled on Kirsten Court with Garage,https://sfbay.craigslist.org/nby/apa/d/rohnert-park-completely-remodeled-on/6957270967.html,2019-09-11,15:59,$1895,rohnert pk / cotati,True,None,2,None
California,sfbay,nby,apts & housing for rent,6971120786,6925527766,Charming Cottage on Exclusive Gated Estate Available for Lease,https://sfbay.craigslist.org/nby/apa/d/angwin-charming-cottage-on-exclusive/6971120786.html,2019-09-11,15:55,$2995,napa county,True,None,2,1067ft2
California,sfbay,nby,apts & housing for rent,6971618704,None,Top Floor 2x1 with vaulted ceilings and fire place in Larkspur!,https://sfbay.craigslist.org/nby/apa/d/greenbrae-top-floor-2x1-with-vaulted/6971618704.html,2019-09-11,15:55,$3225,mill valley,True,None,2,897ft2
California,sfbay,nby,apts & housing for rent,6976674140,None,$500 Off Move in Plus One $42 application fee waived! Today Only,https://sfbay.craigslist.org/nby/apa/d/petaluma-500-off-move-in-plus-one-42/6976674140.html,2019-09-11,15:46,$2288,petaluma,True,None,2,794ft2
California,sfbay,nby,apts & housing for rent,6976669775,6931976619,THIS LUXE 2BR/2BA APARTMENT FEATURES 2 PATIOS!,https://sfbay.craigslist.org/nby/apa/d/mill-valley-this-luxe-2br-2ba-apartment/6976669775.html,2019-09-11,15:40,$2950,mill valley,True,None,2,None
California,sfbay,nby,apts & housing for rent,6976667323,None,Large 2 bedroom with new carpet in Theatre Square,https://sfbay.craigslist.org/nby/apa/d/petaluma-large-2-bedroom-with-new/6976667323.html,2019-09-11,15:36,$2856,petaluma,True,None,2,1237ft2
California,sfbay,nby,apts & housing for rent,6976666254,None,Two Bedroom Available For Immidiate Move-In! Don't Wait Apply Now!,https://sfbay.craigslist.org/nby/apa/d/larkspur-two-bedroom-available-for/6976666254.html,2019-09-11,15:34,$4050,corte madera,True,None,2,993ft2
California,sfbay,nby,apts & housing for rent,6976657590,None,"Fall In Love with Your New Bennett Valley Address! Garden, Pool, Gym!",https://sfbay.craigslist.org/nby/apa/d/santa-rosa-fall-in-love-with-your-new/6976657590.html,2019-09-11,15:33,$2149,santa rosa,True,None,2,1000ft2
California,sfbay,nby,apts & housing for rent,6976647833,None,Elegant Two Bedroom Two Bath In Fountaingrove,https://sfbay.craigslist.org/nby/apa/d/santa-rosa-elegant-two-bedroom-two-bath/6976647833.html,2019-09-11,15:17,$2895,santa rosa,True,None,2,1118ft2
California,sfbay,nby,apts & housing for rent,6976633440,6943136048,In unit Laundry/AC/Pets - Call Yulupa Home,https://sfbay.craigslist.org/nby/apa/d/santa-rosa-in-unit-laundry-ac-pets-call/6976633440.html,2019-09-11,15:16,$2095,santa rosa,True,None,2,854ft2
California,sfbay,nby,apts & housing for rent,6966603946,None,1ba - Apartment - 327 South E Street Unit C,https://sfbay.craigslist.org/nby/apa/d/santa-rosa-1ba-apartment-south-street/6966603946.html,2019-09-11,15:13,$1850,santa rosa,True,None,2,None
California,sfbay,nby,apts & housing for rent,6967480859,None,"1916 Sierra Ave Napa Rental price: $2,500/mo 2 Beds·2 Baths",https://sfbay.craigslist.org/nby/apa/d/napa-1916-sierra-ave-napa-rental-price/6967480859.html,2019-09-11,15:05,$2500,napa county,True,None,2,1100ft2
California,sfbay,nby,apts & housing for rent,6976633100,6965382651,$500 OFF FIRST MONTH RENT - CALL TO SCHEDULE YOUR TOUR TODAY,https://sfbay.craigslist.org/nby/apa/d/santa-rosa-500-off-first-month-rent/6976633100.html,2019-09-11,15:02,$2095,santa rosa,True,None,2,895ft2
California,sfbay,nby,apts & housing for rent,6976638022,None,Spacious 2 bed 2 bath with view and one FREE month,https://sfbay.craigslist.org/nby/apa/d/san-rafael-spacious-2-bed-2-bath-with/6976638022.html,2019-09-11,14:55,$2850,san rafael,True,None,2,986ft2
California,sfbay,nby,apts & housing for rent,6976632561,6968008031,Avail NOW $500 off 1-month rent near Santa Rosa Junior College,https://sfbay.craigslist.org/nby/apa/d/santa-rosa-avail-now-500-off-1-month/6976632561.html,2019-09-11,14:48,$2095,santa rosa,True,None,2,895ft2
California,sfbay,nby,apts & housing for rent,6976631153,None,2 BED 1 BATH STAINLESS STEEL AVAILABLE NOW!!!!,https://sfbay.craigslist.org/nby/apa/d/rohnert-park-2-bed-1-bath-stainless/6976631153.html,2019-09-11,14:46,$2260,rohnert pk / cotati,True,None,2,800ft2
California,sfbay,nby,apts & housing for rent,6976625281,None,$500 Off Your Move-In! 2 Bedroom 2 Bathroom Available NOW!!!,https://sfbay.craigslist.org/nby/apa/d/santa-rosa-500-off-your-move-in-2/6976625281.html,2019-09-11,14:39,$2048,santa rosa,True,None,2,873ft2
California,sfbay,nby,apts & housing for rent,6976619243,None,Large Two-Bedroom Home in Wine Country!,https://sfbay.craigslist.org/nby/apa/d/santa-rosa-large-two-bedroom-home-in/6976619243.html,2019-09-11,14:31,$2132,santa rosa,True,None,2,1200ft2
California,sfbay,nby,apts & housing for rent,6976610980,None,There's no better place to call your own than this 2 bed/1 bath!,https://sfbay.craigslist.org/nby/apa/d/petaluma-theres-no-better-place-to-call/6976610980.html,2019-09-11,14:31,$2359,petaluma,True,None,2,1028ft2
California,sfbay,nby,apts & housing for rent,6976618422,None,"Stainless Steel appliances, new flooring, W/D in unit, pet friendly",https://sfbay.craigslist.org/nby/apa/d/santa-rosa-stainless-steel-appliances/6976618422.html,2019-09-11,14:30,$2255,santa rosa,True,None,2,926ft2
California,sfbay,nby,apts & housing for rent,6968231485,6937875747,Spacious 2 Bedroom Duplex in Cloverdale,https://sfbay.craigslist.org/nby/apa/d/cloverdale-spacious-2-bedroom-duplex-in/6968231485.html,2019-09-11,14:28,$1700,healdsburg / windsor,True,None,2,None
California,sfbay,nby,apts & housing for rent,6968019192,6940817996,Price Drop! Charming 2BD/2B KENTFIELD Lower Duplex- Yard - FOUNDATION,https://sfbay.craigslist.org/nby/apa/d/greenbrae-price-drop-charming-2bd-2b/6968019192.html,2019-09-11,14:13,$2950,kentfield / ross,True,None,2,900ft2
California,sfbay,nby,apts & housing for rent,6973012925,None,Beautiful Remodeled 2BR/1BA Apartment,https://sfbay.craigslist.org/nby/apa/d/san-rafael-beautiful-remodeled-2br-1ba/6973012925.html,2019-09-11,14:06,$2600,san rafael,True,None,2,None
California,sfbay,nby,apts & housing for rent,6976585764,6966866114,"1010 Cedar St., Calistoga CA",https://sfbay.craigslist.org/nby/apa/d/calistoga-1010-cedar-st-calistoga-ca/6976585764.html,2019-09-11,13:50,$3250,napa county,True,None,2,1166ft2
California,sfbay,nby,apts & housing for rent,6960985750,6673925452,Amazing Living Space with a View!!,https://sfbay.craigslist.org/nby/apa/d/santa-rosa-amazing-living-space-with/6960985750.html,2019-09-11,13:48,$2088,santa rosa,True,None,2,None
California,sfbay,nby,apts & housing for rent,6976581374,None,"Ideal Santa Rosa Location, Pets Welcome, Saltwater Lap Pool",https://sfbay.craigslist.org/nby/apa/d/santa-rosa-ideal-santa-rosa-location/6976581374.html,2019-09-11,13:45,$2250,santa rosa,True,None,2,1009ft2
California,sfbay,nby,apts & housing for rent,6966167300,None,"Top Floor, W/D, Central A/C, Elevators, Waterfront",https://sfbay.craigslist.org/nby/apa/d/petaluma-top-floor-d-central-c/6966167300.html,2019-09-11,13:43,$2770,petaluma,True,None,2,1040ft2
California,sfbay,nby,apts & housing for rent,6974299921,None,Bennett Valley!!!!,https://sfbay.craigslist.org/nby/apa/d/santa-rosa-bennett-valley/6974299921.html,2019-09-11,13:41,$1850,santa rosa,True,None,2,1050ft2
California,sfbay,nby,apts & housing for rent,6976576967,6967973701,"GORGEOUSLY UPDATED 2X2-DESIGNER APPLIANCES, COUNTERS AND PAINT",https://sfbay.craigslist.org/nby/apa/d/santa-rosa-gorgeously-updated-2x2/6976576967.html,2019-09-11,13:40,$2479,santa rosa,True,None,2,None
California,sfbay,nby,apts & housing for rent,6976567617,4242162587,Luxury Apartment in Rincon Valley- 2B/2B,https://sfbay.craigslist.org/nby/apa/d/luxury-apartment-in-rincon-valley-2b-2b/6976567617.html,2019-09-11,13:29,$2450,santa rosa,True,None,2,1200ft2
California,sfbay,nby,apts & housing for rent,6971375878,None,Downstairs spacious two bedroom ready now !,https://sfbay.craigslist.org/nby/apa/d/novato-downstairs-spacious-two-bedroom/6971375878.html,2019-09-11,13:14,$2995,novato,True,None,2,980ft2
California,sfbay,nby,apts & housing for rent,6976554685,6950115594,"Lovely, sunny Seminary home with views",https://sfbay.craigslist.org/nby/apa/d/corte-madera-lovely-sunny-seminary-home/6976554685.html,2019-09-11,13:14,$4500,mill valley,True,None,2,1620ft2
California,sfbay,nby,apts & housing for rent,6970318406,6614719868,"Lovely, charming, Cloverdale 2 bedroom/2 bath next to the hills",https://sfbay.craigslist.org/nby/apa/d/cloverdale-lovely-charming-cloverdale-2/6970318406.html,2019-09-11,13:09,$2300,healdsburg / windsor,True,None,2,1530ft2
California,sfbay,nby,apts & housing for rent,6976534362,4856969664,$1000 Off One First Months' Rent-Spacious Two Bedroom Apartment,https://sfbay.craigslist.org/nby/apa/d/1000-off-one-first-months-rent-spacious/6976534362.html,2019-09-11,13:06,$1995,petaluma,True,None,2,900ft2
California,sfbay,nby,apts & housing for rent,6966574860,6791739177,Beautiful 2-bed 2-bath available NOW! Resort Style Pool/ 24-hr Fitness,https://sfbay.craigslist.org/nby/apa/d/rohnert-park-beautiful-2-bed-2-bath/6966574860.html,2019-09-11,12:55,$2706,rohnert pk / cotati,True,None,2,1191ft2
California,sfbay,nby,apts & housing for rent,6976522534,None,Travelling by bus? We're near the line! 2 br / 1.5 ba!,https://sfbay.craigslist.org/nby/apa/d/petaluma-travelling-by-bus-were-near/6976522534.html,2019-09-11,12:46,$2295,petaluma,True,None,2,1028ft2
California,sfbay,nby,apts & housing for rent,6976527968,None,Catch This End Of Summer Savings Before It's Gone. Call Today To Tour!,https://sfbay.craigslist.org/nby/apa/d/santa-rosa-catch-this-end-of-summer/6976527968.html,2019-09-11,12:43,$2195,santa rosa,True,None,2,1117ft2
California,sfbay,nby,apts & housing for rent,6968005466,5442175744,"2 BR x 1.5 BA in country living. Water, sewer, trash and gas INCLUDED!",https://sfbay.craigslist.org/nby/apa/d/novato-2-br-15-ba-in-country-living/6968005466.html,2019-09-11,12:26,$2800,novato,True,None,2,1000ft2
California,sfbay,nby,apts & housing for rent,6976508120,6847213227,Come Home to Excellence at Vineyard Creek!,https://sfbay.craigslist.org/nby/apa/d/fulton-come-home-to-excellence-at/6976508120.html,2019-09-11,12:20,$2370,santa rosa,True,None,2,1118ft2
California,sfbay,nby,apts & housing for rent,6976498266,None,2 BR/2BA DESIGNER APARTMENT WITH FULL SIZE WASHER & DRYER,https://sfbay.craigslist.org/nby/apa/d/american-canyon-2-br-2ba-designer/6976498266.html,2019-09-11,12:10,$2436,napa county,True,None,2,None
California,sfbay,nby,apts & housing for rent,6976479207,None,Check out The Vineyard Luxury Apartments! Convenient university locati,https://sfbay.craigslist.org/nby/apa/d/petaluma-check-out-the-vineyard-luxury/6976479207.html,2019-09-11,12:03,$2165,petaluma,True,None,2,885ft2
California,sfbay,nby,apts & housing for rent,6976485789,None,Come View Park Vue ($500 Off And Pet Friendly!!!),https://sfbay.craigslist.org/nby/apa/d/santa-rosa-come-view-park-vue-500-off/6976485789.html,2019-09-11,11:56,$1999,santa rosa,True,None,2,896ft2
California,sfbay,nby,apts & housing for rent,6976483833,None,BEAUTIFULLY APPOINTED 2X2 WITH QUARTZ KITCHEN & BATH,https://sfbay.craigslist.org/nby/apa/d/santa-rosa-beautifully-appointed-2x2/6976483833.html,2019-09-11,11:54,$2529,santa rosa,True,None,2,None
California,sfbay,nby,apts & housing for rent,6976482294,None,JOIN OUR WAITING LIST!,https://sfbay.craigslist.org/nby/apa/d/corte-madera-join-our-waiting-list/6976482294.html,2019-09-11,11:52,$3104,corte madera,True,None,2,None
California,sfbay,nby,apts & housing for rent,6976470079,6848835847,Beautiful & Spacious 2x2 Apartment Home Available Soon!,https://sfbay.craigslist.org/nby/apa/d/napa-beautiful-spacious-2x2-apartment/6976470079.html,2019-09-11,11:52,$2500,napa county,True,None,2,1088ft2
California,sfbay,nby,apts & housing for rent,6976467033,None,Desirable Bennett Valley 2 BR/ 2 BA With A Stunning View! Pet Friendly,https://sfbay.craigslist.org/nby/apa/d/santa-rosa-desirable-bennett-valley-2/6976467033.html,2019-09-11,11:47,$2199,santa rosa,True,None,2,1000ft2
California,sfbay,nby,apts & housing for rent,6955415626,None,"$1000 off, 1st Floor, Plank Flooring, W/D, Central A/C, Waterfront",https://sfbay.craigslist.org/nby/apa/d/petaluma-1000-off-1st-floor-plank/6955415626.html,2019-09-11,11:46,$2758,petaluma,True,None,2,1022ft2
California,sfbay,nby,apts & housing for rent,6976476277,None,Coming 10/01 2 BEDROOM 1.5 BATH TOWNHOUSE (NBPS),https://sfbay.craigslist.org/nby/apa/d/novato-coming-bedroom-15-bath-townhouse/6976476277.html,2019-09-11,11:46,$2800,novato,True,None,2,1024ft2
California,sfbay,nby,apts & housing for rent,6976454602,6894088768,Luxury 2 bedroom Apartment Home Ready to Call Home!,https://sfbay.craigslist.org/nby/apa/d/santa-rosa-luxury-2-bedroom-apartment/6976454602.html,2019-09-11,11:35,$2895,santa rosa,True,None,2,1118ft2
California,sfbay,nby,apts & housing for rent,6976456306,None,$500 OFF MOVE-IN COST LOOK  LEASE SPECIAL - LARGE 2 BEDROOM 2 BATH,https://sfbay.craigslist.org/nby/apa/d/petaluma-500-off-move-in-cost-look/6976456306.html,2019-09-11,11:26,$2420,petaluma,True,None,2,952ft2
California,sfbay,nby,apts & housing for rent,6974923210,None,Large North Facing two bedroom over 1200 sq ft with plank floors...,https://sfbay.craigslist.org/nby/apa/d/novato-large-north-facing-two-bedroom/6974923210.html,2019-09-11,11:18,$3693,novato,True,None,2,1298ft2
California,sfbay,nby,apts & housing for rent,6976434545,None,"Remodeled Upstairs - 2bd, 1ba",https://sfbay.craigslist.org/nby/apa/d/ukiah-remodeled-upstairs-2bd-1ba/6976434545.html,2019-09-11,11:03,$1475,mendocino county,True,None,2,805ft2
California,sfbay,nby,apts & housing for rent,6973273404,6559262930,✦ Sunny Spacious Contemporary Clean ✦ 10min to SF,https://sfbay.craigslist.org/nby/apa/d/sausalito-sunny-spacious-contemporary/6973273404.html,2019-09-11,11:02,$3600,sausalito,True,None,2,1325ft2
California,sfbay,nby,apts & housing for rent,6976432218,None,Remodeled Upstairs - 2bd 1ba,https://sfbay.craigslist.org/nby/apa/d/ukiah-remodeled-upstairs-2bd-1ba/6976432218.html,2019-09-11,11:01,$1475,mendocino county,True,None,2,805ft2
California,sfbay,nby,apts & housing for rent,6976431419,None,Adorable Townhome in Larkfield! - 100 Lark Ctr Drive,https://sfbay.craigslist.org/nby/apa/d/santa-rosa-adorable-townhome-in/6976431419.html,2019-09-11,11:00,$1700,santa rosa,True,None,2,None
California,sfbay,nby,apts & housing for rent,6972071846,4856969664,$1000 Off One First Months' Rent-Spacious Two Bedroom Apartment,https://sfbay.craigslist.org/nby/apa/d/1000-off-one-first-months-rent-spacious/6972071846.html,2019-09-11,10:59,$1995,petaluma,True,None,2,900ft2
California,sfbay,nby,apts & housing for rent,6962187101,None,Camino Colegio Estates has a Town home available,https://sfbay.craigslist.org/nby/apa/d/rohnert-park-camino-colegio-estates-has/6962187101.html,2019-09-11,10:58,$2400,rohnert pk / cotati,True,None,2,1332ft2
California,sfbay,nby,apts & housing for rent,6967251255,6958776536,Lovely CONDO coming soon/  Available  Mid- September,https://sfbay.craigslist.org/nby/apa/d/rohnert-park-lovely-condo-coming-soon/6967251255.html,2019-09-11,10:58,$2400,rohnert pk / cotati,True,None,2,1342ft2
California,sfbay,nby,apts & housing for rent,6976428376,None,Great Location~ New Condo Style Living In American Canyon~,https://sfbay.craigslist.org/nby/apa/d/vallejo-great-location-new-condo-style/6976428376.html,2019-09-11,10:57,$2725,napa county,True,None,2,1234ft2
California,sfbay,nby,apts & housing for rent,6976409120,None,"Great 2 Bed, 1 Bath floor plans at The Vineyard Luxury Apartments",https://sfbay.craigslist.org/nby/apa/d/petaluma-great-2-bed-1-bath-floor-plans/6976409120.html,2019-09-11,10:54,$2295,petaluma,True,None,2,1028ft2
California,sfbay,nby,apts & housing for rent,6976424978,None,"Luxurious 2BR/2BA Home in Petaluma, California! Join Waitlist!",https://sfbay.craigslist.org/nby/apa/d/petaluma-luxurious-2br-2ba-home-in/6976424978.html,2019-09-11,10:53,$2649,petaluma,True,None,2,1265ft2
California,sfbay,nby,apts & housing for rent,6976410933,6936339802,Spacious 2 Bedroom 2 Bath Waiting For You!,https://sfbay.craigslist.org/nby/apa/d/fulton-spacious-2-bedroom-2-bath/6976410933.html,2019-09-11,10:50,$2370,santa rosa,True,None,2,1118ft2
California,sfbay,nby,apts & housing for rent,6976418574,None,The Best 2BR/1.5BA in the Wine Country!,https://sfbay.craigslist.org/nby/apa/d/santa-rosa-the-best-2br-15ba-in-the/6976418574.html,2019-09-11,10:47,$2157,santa rosa,True,None,2,1150ft2
California,sfbay,nby,apts & housing for rent,6972701782,6652088557,AVAILABLE 9/15/19 Gorgeous  1 Bedroom 2 Bathroom Apartment!!,https://sfbay.craigslist.org/nby/apa/d/novato-available-gorgeous-1-bedroom-2/6972701782.html,2019-09-11,10:27,$2250,novato,True,None,2,900ft2
California,sfbay,nby,apts & housing for rent,6976397197,None,Save Big When You Move In!! Call And Book Your Tour Today!!,https://sfbay.craigslist.org/nby/apa/d/santa-rosa-save-big-when-you-move-in/6976397197.html,2019-09-11,10:25,$2195,santa rosa,True,None,2,1117ft2
California,sfbay,nby,apts & housing for rent,6976394111,None,STUNNING 2X2 APT. WITH A GOURMET KITCHEN AND GALLERY LIGHTING!,https://sfbay.craigslist.org/nby/apa/d/santa-rosa-stunning-2x2-apt-with/6976394111.html,2019-09-11,10:22,$2629,santa rosa,True,None,2,1141ft2
California,sfbay,nby,apts & housing for rent,6967930422,6962381958,Charming 2 Bedroom San Rafael Apartment,https://sfbay.craigslist.org/nby/apa/d/san-rafael-charming-2-bedroom-san/6967930422.html,2019-09-11,10:20,$2550,san rafael,True,None,2,800ft2
California,sfbay,nby,apts & housing for rent,6972216271,None,2 Bedroom Bel Marin Keys Waterfront Townhouse - PRANDI,https://sfbay.craigslist.org/nby/apa/d/novato-2-bedroom-bel-marin-keys/6972216271.html,2019-09-11,10:20,$3000,novato,True,None,2,1136ft2
California,sfbay,nby,apts & housing for rent,6976375477,6968008031,Spacious + Available Now! Near Downtown/JC!,https://sfbay.craigslist.org/nby/apa/d/santa-rosa-spacious-available-now-near/6976375477.html,2019-09-11,10:19,$2095,santa rosa,True,None,2,895ft2
California,sfbay,nby,apts & housing for rent,6976374796,6968008031,MUST SEE! Newly renovated + $500 OFF 1st months rent!,https://sfbay.craigslist.org/nby/apa/d/santa-rosa-must-see-newly-renovated-500/6976374796.html,2019-09-11,10:14,$2095,santa rosa,True,None,2,895ft2
California,sfbay,nby,apts & housing for rent,6976374096,6968008031,Avail NOW $500 off 1-month rent near Santa Rosa Junior College,https://sfbay.craigslist.org/nby/apa/d/santa-rosa-avail-now-500-off-1-month/6976374096.html,2019-09-11,10:01,$2095,santa rosa,True,None,2,895ft2
California,sfbay,nby,apts & housing for rent,6976363343,6907113560,"Gorgeously Renovated,  Detached Split-Level Townhouse (Coming Soon)",https://sfbay.craigslist.org/nby/apa/d/fairfax-gorgeously-renovated-detached/6976363343.html,2019-09-11,09:50,$2495,fairfax,True,None,2,None
California,sfbay,nby,apts & housing for rent,6976363309,None,Two Bedroom Available in Corte Madera!,https://sfbay.craigslist.org/nby/apa/d/corte-madera-two-bedroom-available-in/6976363309.html,2019-09-11,09:50,$2400,corte madera,True,None,2,None
California,sfbay,nby,apts & housing for rent,6976354032,None,$500 Off Your Move-In! 2 Bedroom 1 Bathroom Available NOW!!!,https://sfbay.craigslist.org/nby/apa/d/santa-rosa-500-off-your-move-in-2/6976354032.html,2019-09-11,09:41,$1899,santa rosa,True,None,2,780ft2
California,sfbay,nby,apts & housing for rent,6976335843,6929364881,Reserve Your Beautiful Two Bedroom Two Bath Today!,https://sfbay.craigslist.org/nby/apa/d/santa-rosa-reserve-your-beautiful-two/6976335843.html,2019-09-11,09:35,$2895,santa rosa,True,None,2,1118ft2
California,sfbay,nby,apts & housing for rent,6957975989,6720781822,BEAUTIFUL Townhome by SRJC - W&D in unit!!!,https://sfbay.craigslist.org/nby/apa/d/santa-rosa-beautiful-townhome-by-srjc/6957975989.html,2019-09-11,09:29,$2250,santa rosa,True,None,2,1000ft2
California,sfbay,nby,apts & housing for rent,6955757669,6720781822,AVAILABLE mid-September!  EXQUISITE TOWNHOME SRJC,https://sfbay.craigslist.org/nby/apa/d/santa-rosa-available-mid-september/6955757669.html,2019-09-11,09:29,$2250,santa rosa,True,None,2,1000ft2
California,sfbay,nby,apts & housing for rent,6955748055,6720781822,BEAUTIFUL Townhome by SRJC - W&D in unit!!!,https://sfbay.craigslist.org/nby/apa/d/santa-rosa-beautiful-townhome-by-srjc/6955748055.html,2019-09-11,09:28,$2250,santa rosa,True,None,2,1000ft2
California,sfbay,nby,apts & housing for rent,6976340890,6970758978,1175 Lombardi Lane,https://sfbay.craigslist.org/nby/apa/d/santa-rosa-1175-lombardi-lane/6976340890.html,2019-09-11,09:28,$1850,santa rosa,True,None,2,None
California,sfbay,nby,apts & housing for rent,6976335718,None,2 bedroom cottage in Boyes Hot Springs,https://sfbay.craigslist.org/nby/apa/d/boyes-hot-springs-2-bedroom-cottage-in/6976335718.html,2019-09-11,09:22,$2000,sonoma,True,None,2,1000ft2
California,sfbay,nby,apts & housing for rent,6958136543,6425615035,☆ MOVE IN TODAY AND YOUR FIRST MONTH IS FREE!!!☆,https://sfbay.craigslist.org/nby/apa/d/santa-rosa-move-in-today-and-your-first/6958136543.html,2019-09-11,09:09,$2174,santa rosa,True,None,2,None
California,sfbay,nby,apts & housing for rent,6968190638,6425615035,1ST MONTH'S RENT FREE!! WON'T LAST LONG!,https://sfbay.craigslist.org/nby/apa/d/santa-rosa-1st-months-rent-free-wont/6968190638.html,2019-09-11,08:58,$2149,santa rosa,True,None,2,None
California,sfbay,nby,apts & housing for rent,6976304477,None,Immediate Availability At Park Vue (Plus $500 Off!!!),https://sfbay.craigslist.org/nby/apa/d/santa-rosa-immediate-availability-at/6976304477.html,2019-09-11,08:49,$1999,santa rosa,True,None,2,896ft2
California,sfbay,nby,apts & housing for rent,6976303657,6972098338,Duplex/ 2 bedroom/1 bath Very Large Unit!,https://sfbay.craigslist.org/nby/apa/d/camp-meeker-duplex-2-bedroom-1-bath/6976303657.html,2019-09-11,08:48,$1850,sebastopol,True,None,2,800ft2
California,sfbay,nby,apts & housing for rent,6976294153,6972098338,Duplex/ 2 bedroom/1 bath Very Large Unit!,https://sfbay.craigslist.org/nby/apa/d/camp-meeker-duplex-2-bedroom-1-bath/6976294153.html,2019-09-11,08:40,$1850,sebastopol,True,None,2,800ft2
California,sfbay,nby,apts & housing for rent,6976294663,6972098338,Duplex/ 2 bedroom/1 bath Very Large Unit!,https://sfbay.craigslist.org/nby/apa/d/camp-meeker-duplex-2-bedroom-1-bath/6976294663.html,2019-09-11,08:39,$1850,sebastopol,True,None,2,800ft2
California,sfbay,nby,apts & housing for rent,6976275948,6894761937,Upcoming apartment home on the 1st floor,https://sfbay.craigslist.org/nby/apa/d/eldridge-upcoming-apartment-home-on-the/6976275948.html,2019-09-11,08:19,$2150,sonoma,True,None,2,850ft2
California,sfbay,nby,apts & housing for rent,6976272320,6894761937,Apartment home available now on the 2nd floor,https://sfbay.craigslist.org/nby/apa/d/boyes-hot-springs-apartment-home/6976272320.html,2019-09-11,08:15,$2100,sonoma,True,None,2,850ft2
California,sfbay,nby,apts & housing for rent,6976271922,6801900144,Fully remodeled ground floor unit!!! 1st MONTH FREE!!,https://sfbay.craigslist.org/nby/apa/d/eldridge-fully-remodeled-ground-floor/6976271922.html,2019-09-11,08:14,$2150,sonoma,True,None,2,750ft2
California,sfbay,nby,apts & housing for rent,6976271611,6801900144,Fully remodeled ground floor unit!!!,https://sfbay.craigslist.org/nby/apa/d/boyes-hot-springs-fully-remodeled/6976271611.html,2019-09-11,08:14,$2150,sonoma,True,None,2,750ft2
California,sfbay,nby,apts & housing for rent,6976271357,6801900144,Fully remodeled top floor unit!!!,https://sfbay.craigslist.org/nby/apa/d/boyes-hot-springs-fully-remodeled-top/6976271357.html,2019-09-11,08:14,$2125,sonoma,True,None,2,750ft2
California,sfbay,nby,apts & housing for rent,6976270924,6819917481,Townhome coming soon!!!1st month free,https://sfbay.craigslist.org/nby/apa/d/eldridge-townhome-coming-soon1st-month/6976270924.html,2019-09-11,08:13,$2200,sonoma,True,None,2,1000ft2
California,sfbay,nby,apts & housing for rent,6965903985,None,"Controlled Access Building, Cat 5 Wiring, Bosch Appliances",https://sfbay.craigslist.org/nby/apa/d/novato-controlled-access-building-cat-5/6965903985.html,2019-09-11,07:48,$3708,novato,True,None,2,1298ft2
California,sfbay,nby,apts & housing for rent,6976143231,6871418114,Beautiful BEACH  at “POINT SAN QUENTIN VILLAGE” ..,https://sfbay.craigslist.org/nby/apa/d/san-quentin-beautiful-beach-at-point/6976143231.html,2019-09-11,04:51,$3295,greenbrae,True,None,2,None
California,sfbay,nby,apts & housing for rent,6965034098,None,"Available Now!! Washer & Dryer, Stainless Steel Appliances, Dog Park",https://sfbay.craigslist.org/nby/apa/d/santa-rosa-available-now-washer-dryer/6965034098.html,2019-09-11,01:09,$2360,None,True,None,2,1021ft2
California,sfbay,nby,apts & housing for rent,6968637990,None,"Year Round Heated Pool/Spa, Dog Park, Washer/Dryer, Renovated Units",https://sfbay.craigslist.org/nby/apa/d/santa-rosa-year-round-heated-pool-spa/6968637990.html,2019-09-10,23:06,$2295,None,True,None,2,1021ft2
California,sfbay,nby,apts & housing for rent,6976093806,6759298330,FULLY REMODELED 2 BEDROOM APT,https://sfbay.craigslist.org/nby/apa/d/petaluma-fully-remodeled-2-bedroom-apt/6976093806.html,2019-09-10,22:37,$2450,petaluma,True,None,2,960ft2
California,sfbay,nby,apts & housing for rent,6970499568,6628057719,"A place to call home, bright, private entrance/front porch",https://sfbay.craigslist.org/nby/apa/d/santa-rosa-place-to-call-home-bright/6970499568.html,2019-09-10,21:33,$1975,santa rosa,True,None,2,None
California,sfbay,nby,apts & housing for rent,6972857179,None,"Soothing Spa, Ceiling Fan, Scenic Mountain Views",https://sfbay.craigslist.org/nby/apa/d/santa-rosa-soothing-spa-ceiling-fan/6972857179.html,2019-09-10,20:49,$2340,None,True,None,2,995ft2
California,sfbay,nby,apts & housing for rent,6968417714,5945698509,~HRH~Stunning ~City and Bay Views~Large apartment 3 blks from Main Str,https://sfbay.craigslist.org/nby/apa/d/belvedere-tiburon-hrhstunning-city-and/6968417714.html,2019-09-10,20:16,$4700,tiburon / belvedere,True,None,2,None
California,sfbay,nby,apts & housing for rent,6966252645,6914457029,Apartment for Rent,https://sfbay.craigslist.org/nby/apa/d/el-verano-apartment-for-rent/6966252645.html,2019-09-10,20:13,$1725,sonoma,True,None,2,900ft2
California,sfbay,nby,apts & housing for rent,6976022382,None,"Stunning renovated 2 bed, 1 bath! Gorgeous floors, kitchens, & more",https://sfbay.craigslist.org/nby/apa/d/stunning-renovated-2-bed-1-bath/6976022382.html,2019-09-10,19:19,$2165,petaluma,True,None,2,885ft2
California,sfbay,nby,apts & housing for rent,6976024434,None,Enjoy the best of townhome living at The Vineyard Luxury Apartments,https://sfbay.craigslist.org/nby/apa/d/petaluma-enjoy-the-best-of-townhome/6976024434.html,2019-09-10,18:47,$2295,petaluma,True,None,2,1028ft2
California,sfbay,nby,apts & housing for rent,6973153836,None,"Professional On-Site Management and Maintenance Team, Garage, Carport",https://sfbay.craigslist.org/nby/apa/d/santa-rosa-professional-on-site/6973153836.html,2019-09-10,18:45,$2340,None,True,None,2,995ft2
California,sfbay,nby,apts & housing for rent,6976007850,None,"$500 Off Move in, Cant Beat this",https://sfbay.craigslist.org/nby/apa/d/petaluma-500-off-move-in-cant-beat-this/6976007850.html,2019-09-10,18:12,$2421,petaluma,True,None,2,917ft2
California,sfbay,nby,apts & housing for rent,6976000100,None,Great Experiences Are Just Around The Corner!,https://sfbay.craigslist.org/nby/apa/d/rohnert-park-great-experiences-are-just/6976000100.html,2019-09-10,17:57,$2403,rohnert pk / cotati,True,None,2,1076ft2
California,sfbay,nby,apts & housing for rent,6975990669,None,"Stunning, Spacious, & Ground Floor 2 BR/2BA Available!",https://sfbay.craigslist.org/nby/apa/d/santa-rosa-stunning-spacious-ground/6975990669.html,2019-09-10,17:53,$2199,santa rosa,True,None,2,1000ft2
California,sfbay,nby,apts & housing for rent,6975997578,6931976619,THIS LUXE 2BR/2BA APARTMENT FEATURES A FIREPLACE,https://sfbay.craigslist.org/nby/apa/d/mill-valley-this-luxe-2br-2ba-apartment/6975997578.html,2019-09-10,17:52,$2950,mill valley,True,None,2,None
California,sfbay,nby,apts & housing for rent,6973098422,None,SPACIOUS 2/2 IN DOWNTOWN NOVATO INSIDE LAUNDRY,https://sfbay.craigslist.org/nby/apa/d/novato-spacious-2-2-in-downtown-novato/6973098422.html,2019-09-10,17:51,$3902,novato,True,None,2,1368ft2
California,sfbay,nby,apts & housing for rent,6975982777,None,6 weeks free!,https://sfbay.craigslist.org/nby/apa/d/napa-6-weeks-free/6975982777.html,2019-09-10,17:44,$3321,napa county,True,None,2,None
California,sfbay,nby,apts & housing for rent,6975989448,None,2x1 Available in the Heart of Wine Country!,https://sfbay.craigslist.org/nby/apa/d/napa-2x1-available-in-the-heart-of-wine/6975989448.html,2019-09-10,17:37,$2215,napa county,True,None,2,880ft2
California,sfbay,nby,apts & housing for rent,6975982596,None,Cant Beat This Special $500 Off Move In,https://sfbay.craigslist.org/nby/apa/d/petaluma-cant-beat-this-special-500-off/6975982596.html,2019-09-10,17:24,$2383,petaluma,True,None,2,804ft2
California,sfbay,nby,apts & housing for rent,6973849865,6787331584,"2 bedroom, 2 bath with garage",https://sfbay.craigslist.org/nby/apa/d/santa-rosa-2-bedroom-2-bath-with-garage/6973849865.html,2019-09-10,17:20,$1875,santa rosa,True,None,2,950ft2
California,sfbay,nby,apts & housing for rent,6962331386,6787331584,"2 bedroom, 2 bath with garage",https://sfbay.craigslist.org/nby/apa/d/santa-rosa-2-bedroom-2-bath-with-garage/6962331386.html,2019-09-10,17:20,$1875,santa rosa,True,None,2,950ft2
California,sfbay,nby,apts & housing for rent,6975978593,4897446562,Calistoga Furnished 2 bedroom with a spectacular view - 40 Acres,https://sfbay.craigslist.org/nby/apa/d/calistoga-furnished-2-bedroom-with/6975978593.html,2019-09-10,17:17,$3500,napa county,True,None,2,None
California,sfbay,nby,apts & housing for rent,6975968708,None,Beautifully Renovated Two Bedroom/Two Bathroom! Pet Friendly!,https://sfbay.craigslist.org/nby/apa/d/santa-rosa-beautifully-renovated-two/6975968708.html,2019-09-10,17:10,$2199,santa rosa,True,None,2,1000ft2
California,sfbay,nby,apts & housing for rent,6975968726,None,Available Now!  West Petaluma Condo close to Town,https://sfbay.craigslist.org/nby/apa/d/petaluma-available-now-west-petaluma/6975968726.html,2019-09-10,17:00,$1900,petaluma,True,None,2,832ft2
California,sfbay,nby,apts & housing for rent,6974213584,None,"Available Now! Washer/Dryer, Heated Lap Pool, Central Location",https://sfbay.craigslist.org/nby/apa/d/santa-rosa-available-now-washer-dryer/6974213584.html,2019-09-10,16:56,$2360,None,True,None,2,1021ft2
California,sfbay,nby,apts & housing for rent,6975966064,None,"Bright and Refreshing Napa Home, Available Soon!",https://sfbay.craigslist.org/nby/apa/d/bright-and-refreshing-napa-home/6975966064.html,2019-09-10,16:55,$2811,napa county,True,None,2,1142ft2
California,sfbay,nby,apts & housing for rent,6975963326,None,"A Townhome with Convenience, Personality, & an Abundance of Space!",https://sfbay.craigslist.org/nby/apa/d/petaluma-townhome-with-convenience/6975963326.html,2019-09-10,16:51,$3195,petaluma,True,None,2,1557ft2
California,sfbay,nby,apts & housing for rent,6971261146,6952286036,3750 Santa Rosa #6 - MOBILE HOME BUILT IN 2017,https://sfbay.craigslist.org/nby/apa/d/santa-rosa-3750-santa-rosa-6-mobile/6971261146.html,2019-09-10,16:46,$1550,santa rosa,True,None,2,800ft2
California,sfbay,nby,apts & housing for rent,6966698885,None,This Fantastic 2BR/1.5BA Townhome Is Available Now!,https://sfbay.craigslist.org/nby/apa/d/santa-rosa-this-fantastic-2br-15ba/6966698885.html,2019-09-10,16:38,$2366,santa rosa,True,None,2,1150ft2
California,sfbay,nby,apts & housing for rent,6967505737,None,Large Two-Bedroom Home in Wine Country!,https://sfbay.craigslist.org/nby/apa/d/santa-rosa-large-two-bedroom-home-in/6967505737.html,2019-09-10,16:38,$2326,santa rosa,True,None,2,1200ft2
California,sfbay,nby,apts & housing for rent,6971745271,6627080225,2 Bedroom/1 Bathroom Condo w/ Covered Parking,https://sfbay.craigslist.org/nby/apa/d/rohnert-park-2-bedroom-1-bathroom-condo/6971745271.html,2019-09-10,16:31,$1790,rohnert pk / cotati,True,None,2,848ft2
California,sfbay,nby,apts & housing for rent,6975925098,6848835847,Beautiful  2x2 Apartment Home Available Soon!,https://sfbay.craigslist.org/nby/apa/d/napa-beautiful-2x2-apartment-home/6975925098.html,2019-09-10,15:58,$2500,napa county,True,None,2,1088ft2
California,sfbay,nby,apts & housing for rent,6973488731,6924889523,2 BD 2 BATH TOWNHOME WITH FIREPLACE AND LAUNDRY!!!!!!,https://sfbay.craigslist.org/nby/apa/d/fulton-2-bd-2-bath-townhome-with/6973488731.html,2019-09-10,15:52,$1650,santa rosa,True,None,2,995ft2
California,sfbay,nby,apts & housing for rent,6975925149,6966695497,Sausalito 2bed/2bath On the Water,https://sfbay.craigslist.org/nby/apa/d/sausalito-sausalito-2bed-2bath-on-the/6975925149.html,2019-09-10,15:52,$4150,sausalito,True,None,2,1100ft2
California,sfbay,nby,apts & housing for rent,6975906263,None,2 Bedroom 2 Bath- Luxury All Around!,https://sfbay.craigslist.org/nby/apa/d/fulton-2-bedroom-2-bath-luxury-all/6975906263.html,2019-09-10,15:42,$2370,santa rosa,True,None,2,1118ft2
California,sfbay,nby,apts & housing for rent,6975911803,None,Conveniently located north of San Rafael! NEW! Luxury!,https://sfbay.craigslist.org/nby/apa/d/petaluma-conveniently-located-north-of/6975911803.html,2019-09-10,15:32,$2500,san rafael,True,None,2,1080ft2
California,sfbay,nby,apts & housing for rent,6975911765,None,2 BR/2BA DESIGNER APARTMENT WITH FULL SIZE WASHER & DRYER,https://sfbay.craigslist.org/nby/apa/d/american-canyon-2-br-2ba-designer/6975911765.html,2019-09-10,15:32,$2186,napa county,True,None,2,None
California,sfbay,nby,apts & housing for rent,6975907218,None,Apply Now And Get One Month Free! (Limited Offer),https://sfbay.craigslist.org/nby/apa/d/larkspur-apply-now-and-get-one-month/6975907218.html,2019-09-10,15:26,$4450,corte madera,True,None,2,1148ft2
California,sfbay,nby,apts & housing for rent,6975905145,None,Spacious 2x2 Apt. with an Attached Two-Car Garage Now Available!,https://sfbay.craigslist.org/nby/apa/d/petaluma-spacious-2x2-apt-with-an/6975905145.html,2019-09-10,15:23,$2500,petaluma,True,None,2,1080ft2
California,sfbay,nby,apts & housing for rent,6975897111,6968621610,BEAUTIFULLY APPOINTED 2X2 QUARTZ KITCHEN AND BATH,https://sfbay.craigslist.org/nby/apa/d/santa-rosa-beautifully-appointed-2x2/6975897111.html,2019-09-10,15:12,$2479,santa rosa,True,None,2,None
California,sfbay,nby,apts & housing for rent,6975893570,6937970495,Mobile Home Rental - 55+ Community,https://sfbay.craigslist.org/nby/apa/d/santa-rosa-mobile-home-rental-55/6975893570.html,2019-09-10,15:07,$1500,santa rosa,True,None,2,None
California,sfbay,nby,apts & housing for rent,6975887109,None,RESORT STYLE LIVING IN PRIME RINCON VALLEY LOCATION,https://sfbay.craigslist.org/nby/apa/d/santa-rosa-resort-style-living-in-prime/6975887109.html,2019-09-10,14:59,$2529,santa rosa,True,None,2,None
California,sfbay,nby,apts & housing for rent,6974347534,None,"Professional On-Site Management and Maintenance Team, Carport, Garage",https://sfbay.craigslist.org/nby/apa/d/santa-rosa-professional-on-site/6974347534.html,2019-09-10,14:38,$2360,None,True,None,2,1021ft2
California,sfbay,nby,apts & housing for rent,6975866691,None,Gourmet Kitchen with 2 Bedrooms and 1.5 Bath at Pacheco Villa,https://sfbay.craigslist.org/nby/apa/d/novato-gourmet-kitchen-with-2-bedrooms/6975866691.html,2019-09-10,14:33,$2995,novato,True,None,2,996ft2
California,sfbay,nby,apts & housing for rent,6975844705,None,Get settled in before the fall!,https://sfbay.craigslist.org/nby/apa/d/rohnert-park-get-settled-in-before-the/6975844705.html,2019-09-10,14:18,$2200,rohnert pk / cotati,True,None,2,845ft2
California,sfbay,nby,apts & housing for rent,6973057342,6947305691,Special price... spacious home!,https://sfbay.craigslist.org/nby/apa/d/rohnert-park-special-price-spacious-home/6973057342.html,2019-09-10,14:12,$2099,rohnert pk / cotati,True,None,2,None
California,sfbay,nby,apts & housing for rent,6975839208,None,Live Among the Oak Trees In Fountaingrove!,https://sfbay.craigslist.org/nby/apa/d/santa-rosa-live-among-the-oak-trees-in/6975839208.html,2019-09-10,14:07,$2895,santa rosa,True,None,2,1118ft2
California,sfbay,nby,apts & housing for rent,6975831014,None,"Large 2 Bedroom, 2 Bath in Northgate Community",https://sfbay.craigslist.org/nby/apa/d/san-rafael-large-2-bedroom-2-bath-in/6975831014.html,2019-09-10,13:53,$2850,san rafael,True,None,2,984ft2
California,sfbay,nby,apts & housing for rent,6975830235,None,Impressive 2 BR near the JC,https://sfbay.craigslist.org/nby/apa/d/santa-rosa-impressive-2-br-near-the-jc/6975830235.html,2019-09-10,13:49,$2000,santa rosa,True,None,2,None
California,sfbay,nby,apts & housing for rent,6975818946,6965754652,"The Grove Newly renovated, cozy 2x1 Awesome features",https://sfbay.craigslist.org/nby/apa/d/rohnert-park-the-grove-newly-renovated/6975818946.html,2019-09-10,13:35,$1725,rohnert pk / cotati,True,None,2,700ft2
California,sfbay,nby,apts & housing for rent,6975817957,6965754652,"The Grove Newly renovated, cozy 2x1 Awesome features",https://sfbay.craigslist.org/nby/apa/d/rohnert-park-the-grove-newly-renovated/6975817957.html,2019-09-10,13:34,$1725,rohnert pk / cotati,True,None,2,700ft2
California,sfbay,nby,apts & housing for rent,6971515883,6423193789,Attractive 2/1 near SRJC,https://sfbay.craigslist.org/nby/apa/d/santa-rosa-attractive-2-1-near-srjc/6971515883.html,2019-09-10,13:30,$1650,santa rosa,True,None,2,800ft2
California,sfbay,nby,apts & housing for rent,6971512099,6486810878,Large 2/1 adjacent to SRJC Campus,https://sfbay.craigslist.org/nby/apa/d/santa-rosa-large-2-1-adjacent-to-srjc/6971512099.html,2019-09-10,13:29,$1550,santa rosa,True,None,2,900ft2
California,sfbay,nby,apts & housing for rent,6971512952,6486810878,Large 2/1 adjacent to SRJC Campus,https://sfbay.craigslist.org/nby/apa/d/santa-rosa-large-2-1-adjacent-to-srjc/6971512952.html,2019-09-10,13:29,$1550,santa rosa,True,None,2,900ft2
California,sfbay,nby,apts & housing for rent,6971515129,6916769445,Spacious and bright 2/2 apartment just a step away from JC,https://sfbay.craigslist.org/nby/apa/d/santa-rosa-spacious-and-bright-2-2/6971515129.html,2019-09-10,13:29,$1800,santa rosa,True,None,2,1150ft2
California,sfbay,nby,apts & housing for rent,6971516503,6133470684,Huge 2/1 adjacent to SRJC,https://sfbay.craigslist.org/nby/apa/d/santa-rosa-huge-2-1-adjacent-to-srjc/6971516503.html,2019-09-10,13:29,$1750,santa rosa,True,None,2,1000ft2
California,sfbay,nby,apts & housing for rent,6969915424,6953278104,Banana Belt/Great Views,https://sfbay.craigslist.org/nby/apa/d/sausalito-banana-belt-great-views/6969915424.html,2019-09-10,13:18,$3900,sausalito,True,None,2,1200ft2
California,sfbay,nby,apts & housing for rent,6975783447,None,"Superb 2 BD, 1.5 BA townhome in Petaluma! Now available",https://sfbay.craigslist.org/nby/apa/d/petaluma-superb-2-bd-15-ba-townhome-in/6975783447.html,2019-09-10,13:03,$2295,petaluma,True,None,2,1028ft2
California,sfbay,nby,apts & housing for rent,6966768516,None,Beautifully Renovated Two Bedroom Yountville Duplex,https://sfbay.craigslist.org/nby/apa/d/yountville-beautifully-renovated-two/6966768516.html,2019-09-10,12:59,$2500,napa county,True,None,2,None
California,sfbay,nby,apts & housing for rent,6975784810,6914382400,Available now!,https://sfbay.craigslist.org/nby/apa/d/san-rafael-available-now/6975784810.html,2019-09-10,12:56,$2400,san rafael,True,None,2,None
California,sfbay,nby,apts & housing for rent,6975784215,6969854261,Ready  to Move  In!,https://sfbay.craigslist.org/nby/apa/d/novato-ready-to-move-in/6975784215.html,2019-09-10,12:56,$2400,novato,True,None,2,905ft2
California,sfbay,nby,apts & housing for rent,6972864810,6425615035,♥ LOVE WHERE YOU LIVE ♥ 1ST MONTH RENT FREE!,https://sfbay.craigslist.org/nby/apa/d/santa-rosa-love-where-you-live-1st/6972864810.html,2019-09-10,12:46,$2124,santa rosa,True,None,2,None
California,sfbay,nby,apts & housing for rent,6975725599,6968208267,FREE MONTH OF RENT! 2bd/2ba,https://sfbay.craigslist.org/nby/apa/d/rohnert-park-free-month-of-rent-2bd-2ba/6975725599.html,2019-09-10,12:43,$2410,rohnert pk / cotati,True,None,2,1240ft2
California,sfbay,nby,apts & housing for rent,6975741442,None,Ahhh... what a place! Live in comfort at The Vineyard Luxury Apartment,https://sfbay.craigslist.org/nby/apa/d/petaluma-ahhh-what-place-live-in/6975741442.html,2019-09-10,12:33,$2165,petaluma,True,None,2,885ft2
California,sfbay,nby,apts & housing for rent,6975757227,None,"Lease Now, Washer Dryer, Cats and Dogs Ok, Brand New in Santa Rosa",https://sfbay.craigslist.org/nby/apa/d/santa-rosa-lease-now-washer-dryer-cats/6975757227.html,2019-09-10,12:25,$2250,santa rosa,True,None,2,1039ft2
California,sfbay,nby,apts & housing for rent,6975745474,None,"Come home to a getaway - every day! Resort-style 2 bed, 1.5 bath!",https://sfbay.craigslist.org/nby/apa/d/petaluma-come-home-to-getaway-every-day/6975745474.html,2019-09-10,12:24,$2295,petaluma,True,None,2,1028ft2
California,sfbay,nby,apts & housing for rent,6975728461,6968208267,FREE MONTH OF RENT! 2bd/2ba,https://sfbay.craigslist.org/nby/apa/d/rohnert-park-free-month-of-rent-2bd-2ba/6975728461.html,2019-09-10,12:21,$2385,rohnert pk / cotati,True,None,2,1136ft2
California,sfbay,nby,apts & housing for rent,6975727690,6968208267,FREE MONTH OF RENT! 2bd/2ba,https://sfbay.craigslist.org/nby/apa/d/rohnert-park-free-month-of-rent-2bd-2ba/6975727690.html,2019-09-10,12:08,$2390,rohnert pk / cotati,True,None,2,1240ft2
California,sfbay,nby,apts & housing for rent,6975730544,6968143257,FULL MONTH FREE RENT! 2bd/1ba,https://sfbay.craigslist.org/nby/apa/d/rohnert-park-full-month-free-rent-2bd/6975730544.html,2019-09-10,12:07,$2170,rohnert pk / cotati,True,None,2,932ft2
California,sfbay,nby,apts & housing for rent,6975726795,6937709266,Remarkable Value and Unbeatable Location!,https://sfbay.craigslist.org/nby/apa/d/fulton-remarkable-value-and-unbeatable/6975726795.html,2019-09-10,12:05,$2370,santa rosa,True,None,2,1118ft2
California,sfbay,nby,apts & housing for rent,6975724531,6968219761,FULL MONTH OF RENT FREE!! 2bd/2ba,https://sfbay.craigslist.org/nby/apa/d/rohnert-park-full-month-of-rent-free/6975724531.html,2019-09-10,12:02,$2405,rohnert pk / cotati,True,None,2,1240ft2
California,sfbay,nby,apts & housing for rent,6975705141,6968208267,FREE MONTH OF RENT! 2bd/2ba,https://sfbay.craigslist.org/nby/apa/d/rohnert-park-free-month-of-rent-2bd-2ba/6975705141.html,2019-09-10,11:52,$2425,rohnert pk / cotati,True,None,2,1136ft2
California,sfbay,nby,apts & housing for rent,6975723726,6680375399,"Spacious, Bright, Clean, Includes Utilities",https://sfbay.craigslist.org/nby/apa/d/angwin-spacious-bright-clean-includes/6975723726.html,2019-09-10,11:48,$1900,napa county,True,None,2,None
California,sfbay,nby,apts & housing for rent,6965324474,6931190781,Amazing view from this 2 bedroom flat,https://sfbay.craigslist.org/nby/apa/d/sausalito-amazing-view-from-this-2/6965324474.html,2019-09-10,11:46,$4500,sausalito,True,None,2,None
California,sfbay,nby,apts & housing for rent,6968606845,6921301931,*** Fairfax Manor Apt. Available Now! SEE OUR SPECIAL BELOW ***,https://sfbay.craigslist.org/nby/apa/d/san-anselmo-fairfax-manor-apt-available/6968606845.html,2019-09-10,11:43,$2295,fairfax,True,None,2,None
California,sfbay,nby,apts & housing for rent,6968606204,6936442347,*** Larkspur Isle Upper Level Condo - SEE OUR SPECIAL OFFER! ***,https://sfbay.craigslist.org/nby/apa/d/larkspur-larkspur-isle-upper-level/6968606204.html,2019-09-10,11:42,$3295,larkspur,True,None,2,None
California,sfbay,nby,apts & housing for rent,6975717527,None,"OPEN HOUSE!!2 bedroom, 1.5 bath Townhouse! Available Now!",https://sfbay.craigslist.org/nby/apa/d/santa-rosa-open-house2-bedroom-15-bath/6975717527.html,2019-09-10,11:42,$2195,santa rosa,True,None,2,1117ft2
California,sfbay,nby,apts & housing for rent,6975713685,6935394075,"Stunning Atmosphere, Cozy Fireplace, Inspiring Water Views!!",https://sfbay.craigslist.org/nby/apa/d/belvedere-tiburon-stunning-atmosphere/6975713685.html,2019-09-10,11:38,$3779,tiburon / belvedere,True,None,2,1000ft2
California,sfbay,nby,apts & housing for rent,6975704184,6968219761,FULL MONTH OF RENT FREE!! 2bd/2/ba,https://sfbay.craigslist.org/nby/apa/d/rohnert-park-full-month-of-rent-free/6975704184.html,2019-09-10,11:33,$2415,rohnert pk / cotati,True,None,2,1240ft2
California,sfbay,nby,apts & housing for rent,6975686678,None,2BR/2BA APT WITH GRANITE COUNTERS & PRIVATE BALCONY -TOP FLOOR,https://sfbay.craigslist.org/nby/apa/d/santa-rosa-2br-2ba-apt-with-granite/6975686678.html,2019-09-10,11:09,$2594,santa rosa,True,None,2,None
California,sfbay,nby,apts & housing for rent,6975671515,None,A home for everyone - even your pets! Pet friendly 2 bed / 1 bath!,https://sfbay.craigslist.org/nby/apa/d/petaluma-home-for-everyone-even-your/6975671515.html,2019-09-10,10:53,$2165,novato,True,None,2,885ft2
California,sfbay,nby,apts & housing for rent,6975662134,None,Deluxe Unit With A $500 Special Included!,https://sfbay.craigslist.org/nby/apa/d/santa-rosa-deluxe-unit-with-500-special/6975662134.html,2019-09-10,10:44,$2325,santa rosa,True,None,2,896ft2
California,sfbay,nby,apts & housing for rent,6975657625,None,beautiful old farm house in country.,https://sfbay.craigslist.org/nby/apa/d/penngrove-beautiful-old-farm-house-in/6975657625.html,2019-09-10,10:39,$2550,petaluma,True,None,2,1150ft2
California,sfbay,nby,apts & housing for rent,6975647414,None,Join Our Wait List For This Popular Floorplan!,https://sfbay.craigslist.org/nby/apa/d/petaluma-join-our-wait-list-for-this/6975647414.html,2019-09-10,10:37,$2516,petaluma,True,None,2,1149ft2
California,sfbay,nby,apts & housing for rent,6975649402,6258371470,"Nicely Maintained 2BR/2BA Home Located in Cloverdale, Includes Two-Car",https://sfbay.craigslist.org/nby/apa/d/cloverdale-nicely-maintained-2br-2ba/6975649402.html,2019-09-10,10:30,$2400,healdsburg / windsor,True,None,2,1288ft2
California,sfbay,nby,apts & housing for rent,6972853382,None,Immediate Move-in ! Tour today,https://sfbay.craigslist.org/nby/apa/d/novato-immediate-move-in-tour-today/6972853382.html,2019-09-10,10:25,$2700,novato,True,None,2,880ft2
California,sfbay,nby,apts & housing for rent,6975640572,6258371470,"Nicely Maintained 2BR/2BA Home Located in Cloverdale, Includes Two-Car",https://sfbay.craigslist.org/nby/apa/d/cloverdale-nicely-maintained-2br-2ba/6975640572.html,2019-09-10,10:21,$2400,healdsburg / windsor,True,None,2,1288ft2
California,sfbay,nby,apts & housing for rent,6975634082,None,"Move-In Ready, 2-Bedroom Flat at the Lone Palm Court Apartments",https://sfbay.craigslist.org/nby/apa/d/kentfield-move-in-ready-2-bedroom-flat/6975634082.html,2019-09-10,10:14,$2600,san rafael,True,None,2,843ft2
California,sfbay,nby,apts & housing for rent,6974112628,None,"Year Round Heated Lap Pool/Spa, Waste Valet, Renovated Units",https://sfbay.craigslist.org/nby/apa/d/santa-rosa-year-round-heated-lap-pool/6974112628.html,2019-09-10,09:36,$2360,None,True,None,2,1021ft2
California,sfbay,nby,apts & housing for rent,6975588425,6915172199,2 bedroom Apartment Home Nestled Among the Hills of Fountaingrove,https://sfbay.craigslist.org/nby/apa/d/santa-rosa-2-bedroom-apartment-home/6975588425.html,2019-09-10,09:36,$2895,santa rosa,True,None,2,1118ft2
California,sfbay,nby,apts & housing for rent,6975596674,6968052401,Tree House,https://sfbay.craigslist.org/nby/apa/d/sausalito-tree-house/6975596674.html,2019-09-10,09:35,$3400,sausalito,True,None,2,None
California,sfbay,nby,apts & housing for rent,6975586495,6801900144,Fully remodeled top floor unit!!!,https://sfbay.craigslist.org/nby/apa/d/boyes-hot-springs-fully-remodeled-top/6975586495.html,2019-09-10,09:25,$2125,sonoma,True,None,2,750ft2
California,sfbay,nby,apts & housing for rent,6975576954,None,"End oF Summer Savings! 2 bed, 1.5 bath townhome available now!",https://sfbay.craigslist.org/nby/apa/d/santa-rosa-end-of-summer-savings-2-bed/6975576954.html,2019-09-10,09:15,$2195,santa rosa,True,None,2,1117ft2
California,sfbay,nby,apts & housing for rent,6975573087,6801900144,Fully remodeled ground floor unit!!!,https://sfbay.craigslist.org/nby/apa/d/boyes-hot-springs-fully-remodeled/6975573087.html,2019-09-10,09:11,$2150,sonoma,True,None,2,750ft2
California,sfbay,nby,apts & housing for rent,6975572483,6801900144,Fully remodeled ground floor unit!!! 1st month Free!!!,https://sfbay.craigslist.org/nby/apa/d/eldridge-fully-remodeled-ground-floor/6975572483.html,2019-09-10,09:11,$2150,sonoma,True,None,2,750ft2
California,sfbay,nby,apts & housing for rent,6975572122,6819917481,"Townhome available now, 1st month Free!!!",https://sfbay.craigslist.org/nby/apa/d/eldridge-townhome-available-now-1st/6975572122.html,2019-09-10,09:10,$2200,sonoma,True,None,2,1000ft2
California,sfbay,nby,apts & housing for rent,6975571902,6801900144,Upstairs 2 bedroom unit now available!!!,https://sfbay.craigslist.org/nby/apa/d/boyes-hot-springs-upstairs-2-bedroom/6975571902.html,2019-09-10,09:10,$2100,sonoma,True,None,2,750ft2
California,sfbay,nby,apts & housing for rent,6975571666,6801900144,Ground floor unit coming soon!!!,https://sfbay.craigslist.org/nby/apa/d/eldridge-ground-floor-unit-coming-soon/6975571666.html,2019-09-10,09:10,$2150,sonoma,True,None,2,750ft2
California,sfbay,nby,apts & housing for rent,6961166390,4242162587,Luxury Apartment in Rincon Valley- 2B/2B,https://sfbay.craigslist.org/nby/apa/d/luxury-apartment-in-rincon-valley-2b-2b/6961166390.html,2019-09-10,09:02,$2400,santa rosa,True,None,2,1200ft2
California,sfbay,nby,apts & housing for rent,6975563078,None,"Great Price, Plus $500 Off Move-In Fees!!!",https://sfbay.craigslist.org/nby/apa/d/santa-rosa-great-price-plus-500-off/6975563078.html,2019-09-10,09:01,$1999,santa rosa,True,None,2,896ft2
California,sfbay,nby,apts & housing for rent,6975552109,6935496711,Brand New Two Bedroom Unit at Oak Tree | RentPFI,https://sfbay.craigslist.org/nby/apa/d/eldridge-brand-new-two-bedroom-unit-at/6975552109.html,2019-09-10,08:49,$2125,sonoma,True,None,2,750ft2
California,sfbay,nby,apts & housing for rent,6970382724,6962702885,For offer: Luxuriously appointed all-inclusive corporate rental,https://sfbay.craigslist.org/nby/apa/d/rohnert-park-for-offer-luxuriously/6970382724.html,2019-09-10,08:28,$3500,rohnert pk / cotati,True,None,2,None
California,sfbay,nby,apts & housing for rent,6970165989,None,Cloverdale Condo,https://sfbay.craigslist.org/nby/apa/d/cloverdale-cloverdale-condo/6970165989.html,2019-09-10,08:11,$2200,healdsburg / windsor,True,None,2,1050ft2
California,sfbay,nby,apts & housing for rent,6957853538,6944985894,Upstairs Corner Unit- Small Patio area,https://sfbay.craigslist.org/nby/apa/d/rohnert-park-upstairs-corner-unit-small/6957853538.html,2019-09-10,08:02,$1850,rohnert pk / cotati,True,None,2,880ft2
California,sfbay,nby,apts & housing for rent,6975503605,6967425198,INVERNESS COTTAGE CHARMING AVAIL 2BD 1BA DOWNTOWN MO 2 MO TENANCY,https://sfbay.craigslist.org/nby/apa/d/inverness-inverness-cottage-charming/6975503605.html,2019-09-10,07:55,$3490,Inverness,True,None,2,1342ft2
California,sfbay,nby,apts & housing for rent,6975491854,6951490277,Lovely Orchard Setting in Sebastopol,https://sfbay.craigslist.org/nby/apa/d/sebastopol-lovely-orchard-setting-in/6975491854.html,2019-09-10,07:42,$2200,sebastopol,True,None,2,1400ft2
California,sfbay,nby,apts & housing for rent,6970870615,None,"In-home Washer & Dryer, Choice of Cable Provider, Large Floor Plans",https://sfbay.craigslist.org/nby/apa/d/novato-in-home-washer-dryer-choice-of/6970870615.html,2019-09-10,04:36,$3776,novato,True,None,2,1495ft2
California,sfbay,nby,apts & housing for rent,6969323343,None,"Soothing Spa, Designer Interior Features, Quartz Countertops",https://sfbay.craigslist.org/nby/apa/d/santa-rosa-soothing-spa-designer/6969323343.html,2019-09-10,00:01,$2360,None,True,None,2,1021ft2
California,sfbay,nby,apts & housing for rent,6965524341,6783294269,Furnished St. Helena 2-bedroom near CIA Campus & Hospital,https://sfbay.craigslist.org/nby/apa/d/deer-park-furnished-st-helena-2-bedroom/6965524341.html,2019-09-09,23:24,$3500,napa county,True,None,2,None
California,sfbay,nby,apts & housing for rent,6975335886,None,Modern Split Level 2 Bedroom/1.5 Bath Townhouse in San Rafael,https://sfbay.craigslist.org/nby/apa/d/san-rafael-modern-split-level-2-bedroom/6975335886.html,2019-09-09,22:12,$2695,san rafael,True,None,2,850ft2
California,sfbay,nby,apts & housing for rent,6965426486,None,"STUNNING NEWLY RENOVATED 2BR -W/D, POOL, SPA, GYM - TOUR TODAY!!",https://sfbay.craigslist.org/nby/apa/d/santa-rosa-stunning-newly-renovated-2br/6965426486.html,2019-09-09,22:04,$2480,None,True,None,2,1021ft2
California,sfbay,nby,apts & housing for rent,6969797644,4717646062,Across from Howarth Park,https://sfbay.craigslist.org/nby/apa/d/santa-rosa-across-from-howarth-park/6969797644.html,2019-09-09,21:26,$1950,santa rosa,True,None,2,1000ft2
California,sfbay,nby,apts & housing for rent,6975324001,6957682757,"Spacious 2 Bd, pool, deck,  in-unit private laundry",https://sfbay.craigslist.org/nby/apa/d/novato-spacious-2-bd-pool-deck-in-unit/6975324001.html,2019-09-09,21:20,$2450,novato,True,None,2,None
California,sfbay,nby,apts & housing for rent,6975276461,None,"Our serene, garden-style 2 bed, 1 bath is waiting for you! 885 sqft",https://sfbay.craigslist.org/nby/apa/d/petaluma-our-serene-garden-style-2-bed/6975276461.html,2019-09-09,19:38,$2165,petaluma,True,None,2,885ft2
California,sfbay,nby,apts & housing for rent,6969464980,6299760850,Calistoga Wine Country Cottage,https://sfbay.craigslist.org/nby/apa/d/calistoga-calistoga-wine-country-cottage/6969464980.html,2019-09-09,19:34,$2850,napa county,True,None,2,1000ft2
California,sfbay,nby,apts & housing for rent,6967950043,None,$300 Off First Months Rent!!! Central Location!! Tour Today!!,https://sfbay.craigslist.org/nby/apa/d/santa-rosa-300-off-first-months-rent/6967950043.html,2019-09-09,19:26,$2295,None,True,None,2,1021ft2
California,sfbay,nby,apts & housing for rent,6973466171,None,Charming Country Home,https://sfbay.craigslist.org/nby/apa/d/camp-meeker-charming-country-home/6973466171.html,2019-09-09,18:34,$2350,sebastopol,True,None,2,1400ft2
California,sfbay,nby,apts & housing for rent,6975251936,None,Spacious 2 bed 2 bath with view of Terra Linda hills,https://sfbay.craigslist.org/nby/apa/d/san-rafael-spacious-2-bed-2-bath-with/6975251936.html,2019-09-09,18:13,$2850,san rafael,True,None,2,985ft2
California,sfbay,nby,apts & housing for rent,6975225280,None,"Perfect location with gorgeous views! 2 bed, 1.5 bath! 1028 Sq Ft!",https://sfbay.craigslist.org/nby/apa/d/petaluma-perfect-location-with-gorgeous/6975225280.html,2019-09-09,17:36,$2295,petaluma,True,None,2,None
California,sfbay,nby,apts & housing for rent,6975230186,None,Ask us About Are Look And Lease $500 Back,https://sfbay.craigslist.org/nby/apa/d/petaluma-ask-us-about-are-look-and/6975230186.html,2019-09-09,17:33,$2387,petaluma,True,None,2,917ft2
California,sfbay,nby,apts & housing for rent,6975229949,6934775907,Two Bedroom in the Lovely Fairway Community | RentPFI,https://sfbay.craigslist.org/nby/apa/d/san-rafael-two-bedroom-in-the-lovely/6975229949.html,2019-09-09,17:32,$2795,novato,True,None,2,None
California,sfbay,nby,apts & housing for rent,6973128242,5907138690,2 bedroom 2 bathroom walk in closet!! vp,https://sfbay.craigslist.org/nby/apa/d/2-bedroom-2-bathroom-walk-in-closet-vp/6973128242.html,2019-09-09,17:28,$2000,rohnert pk / cotati,True,None,2,960ft2
California,sfbay,nby,apts & housing for rent,6973128900,6006844683,SPACIOUS 2 BEDROOM!  em,https://sfbay.craigslist.org/nby/apa/d/spacious-2-bedroom-em/6973128900.html,2019-09-09,17:28,$1850,rohnert pk / cotati,True,None,2,838ft2
California,sfbay,nby,apts & housing for rent,6973129322,6764168984,2 BEDROOM 1 BATH UNIT available soon!! hw,https://sfbay.craigslist.org/nby/apa/d/ross-2-bedroom-1-bath-unit-available/6973129322.html,2019-09-09,17:28,$2050,novato,True,None,2,816ft2
California,sfbay,nby,apts & housing for rent,6973129588,5984054428,special 2x1 unit available soon! cc,https://sfbay.craigslist.org/nby/apa/d/special-2x1-unit-available-soon-cc/6973129588.html,2019-09-09,17:28,$1900,rohnert pk / cotati,True,None,2,840ft2
California,sfbay,nby,apts & housing for rent,6973132105,5906870228,2 bedroom townhouse available! wal,https://sfbay.craigslist.org/nby/apa/d/2-bedroom-townhouse-available-wal/6973132105.html,2019-09-09,17:28,$2300,novato,True,None,2,960ft2
California,sfbay,nby,apts & housing for rent,6975224140,None,Rent an amazing 885 Sq Foot 2 bed / 1 bath near transit!,https://sfbay.craigslist.org/nby/apa/d/petaluma-rent-an-amazing-885-sq-foot-2/6975224140.html,2019-09-09,17:27,$2165,novato,True,None,2,885ft2
California,sfbay,nby,apts & housing for rent,6975226461,5984069551,2 bedroom AVAILABLE NOW!   pow,https://sfbay.craigslist.org/nby/apa/d/novato-2-bedroom-available-now-pow/6975226461.html,2019-09-09,17:26,$2750,novato,True,None,2,1150ft2
California,sfbay,nby,apts & housing for rent,6975208248,6967501739,Right across from Whole Foods! Amazing Location! MOVE IN SPECIAL!,https://sfbay.craigslist.org/nby/apa/d/santa-rosa-right-across-from-whole/6975208248.html,2019-09-09,17:07,$2095,santa rosa,True,None,2,854ft2
California,sfbay,nby,apts & housing for rent,6975210145,None,2 Bedroom Upstairs Apartment Downtown Healdsburg,https://sfbay.craigslist.org/nby/apa/d/healdsburg-2-bedroom-upstairs-apartment/6975210145.html,2019-09-09,16:58,$1800,healdsburg / windsor,True,None,2,None
California,sfbay,nby,apts & housing for rent,6975209114,6966850575,Avail Now Near Howarth Park and SRJC $500 off one month rent,https://sfbay.craigslist.org/nby/apa/d/santa-rosa-avail-now-near-howarth-park/6975209114.html,2019-09-09,16:56,$2095,santa rosa,True,None,2,895ft2
California,sfbay,nby,apts & housing for rent,6972301284,None,"Public Transportation, Soothing Spa, Pool Side Community BBQ",https://sfbay.craigslist.org/nby/apa/d/santa-rosa-public-transportation/6972301284.html,2019-09-09,16:49,$2415,None,True,None,2,1021ft2
California,sfbay,nby,apts & housing for rent,6975181670,None,Your New Home is Waiting For You!,https://sfbay.craigslist.org/nby/apa/d/santa-rosa-your-new-home-is-waiting-for/6975181670.html,2019-09-09,16:26,$2199,santa rosa,True,None,2,1000ft2
California,sfbay,nby,apts & housing for rent,6975182929,None,Two Bedroom Two Bathroom Home in Pet Friendly Community!,https://sfbay.craigslist.org/nby/apa/d/santa-rosa-two-bedroom-two-bathroom/6975182929.html,2019-09-09,16:21,$2199,santa rosa,True,None,2,1000ft2
California,sfbay,nby,apts & housing for rent,6975185442,None,"Spacious 2 Bedroom in Napa, Pet Friendly, Near Hiking Trails",https://sfbay.craigslist.org/nby/apa/d/spacious-2-bedroom-in-napa-pet-friendly/6975185442.html,2019-09-09,16:19,$2896,napa county,True,None,2,1052ft2
California,sfbay,nby,apts & housing for rent,6975180920,6951170394,Spacious Townhome available! Call NOW!!!,https://sfbay.craigslist.org/nby/apa/d/rohnert-park-spacious-townhome/6975180920.html,2019-09-09,16:12,$2099,rohnert pk / cotati,True,None,2,None
California,sfbay,nby,apts & housing for rent,6975174810,None,"Energy efficient stainless steal appliances, Covered parking, Tot Lot",https://sfbay.craigslist.org/nby/apa/d/santa-rosa-energy-efficient-stainless/6975174810.html,2019-09-09,16:04,$2048,santa rosa,True,None,2,None
California,sfbay,nby,apts & housing for rent,6975171728,None,1920's Craftsman 2 Bedroom home on 1 Acre,https://sfbay.craigslist.org/nby/apa/d/windsor-1920s-craftsman-2-bedroom-home/6975171728.html,2019-09-09,15:59,$2500,healdsburg / windsor,True,None,2,1414ft2
California,sfbay,nby,apts & housing for rent,6975163628,None,$500 Of Move in Now,https://sfbay.craigslist.org/nby/apa/d/petaluma-500-of-move-in-now/6975163628.html,2019-09-09,15:47,$2383,petaluma,True,None,2,804ft2
California,sfbay,nby,apts & housing for rent,6972032754,6914126582,Remodelled Apartment For Rent NOW!,https://sfbay.craigslist.org/nby/apa/d/napa-remodelled-apartment-for-rent-now/6972032754.html,2019-09-09,15:45,$2295,napa county,True,None,2,1050ft2
California,sfbay,nby,apts & housing for rent,6971294002,6914126582,Remodelled Apartment For Rent Early October!,https://sfbay.craigslist.org/nby/apa/d/napa-remodelled-apartment-for-rent/6971294002.html,2019-09-09,15:45,$2100,napa county,True,None,2,1050ft2
California,sfbay,nby,apts & housing for rent,6975158486,6964272610,2 Bedroom 2 Story Apartment Downtown Healdsburg,https://sfbay.craigslist.org/nby/apa/d/healdsburg-2-bedroom-2-story-apartment/6975158486.html,2019-09-09,15:40,$2000,healdsburg / windsor,True,None,2,None
California,sfbay,nby,apts & housing for rent,6975151981,6631304097,EXTRAORDINARY VIEWS--6-Mo Lease Nov 1-Apr 30,https://sfbay.craigslist.org/nby/apa/d/belvedere-tiburon-extraordinary-views-6/6975151981.html,2019-09-09,15:31,$7500,tiburon / belvedere,True,None,2,2148ft2
California,sfbay,nby,apts & housing for rent,6975118067,6967501739,Move In Special! - Available NOW - Washer/Dryer In Unit,https://sfbay.craigslist.org/nby/apa/d/santa-rosa-move-in-special-available/6975118067.html,2019-09-09,15:16,$2095,santa rosa,True,None,2,854ft2
California,sfbay,nby,apts & housing for rent,6975137268,None,"Kick back and relax! You've just found a great 2 bed, 1.5 bath!",https://sfbay.craigslist.org/nby/apa/d/petaluma-kick-back-and-relax-youve-just/6975137268.html,2019-09-09,15:10,$2295,petaluma,True,None,2,1028ft2
California,sfbay,nby,apts & housing for rent,6975112507,None,"Hill view, walk to park, cinema, close to shops, bars/restaurants",https://sfbay.craigslist.org/nby/apa/d/san-rafael-hill-view-walk-to-park/6975112507.html,2019-09-09,15:10,$2829,san rafael,True,None,2,981ft2
California,sfbay,nby,apts & housing for rent,6975121841,6915172199,"Head-Turning Style, Extraordinary Location, Sonoma County Living",https://sfbay.craigslist.org/nby/apa/d/santa-rosa-head-turning-style/6975121841.html,2019-09-09,15:06,$2895,santa rosa,True,None,2,1118ft2
California,sfbay,nby,apts & housing for rent,6975130827,None,"Walk to Howarth Park! A/C, W/D, pet friendly...Stop by today!",https://sfbay.craigslist.org/nby/apa/d/santa-rosa-walk-to-howarth-park-c-d-pet/6975130827.html,2019-09-09,15:02,$2295,santa rosa,True,None,2,1117ft2
California,sfbay,nby,apts & housing for rent,6975118949,6967501739,NEW Move In Special! New Renovation!,https://sfbay.craigslist.org/nby/apa/d/santa-rosa-new-move-in-special-new/6975118949.html,2019-09-09,14:57,$2095,santa rosa,True,None,2,854ft2
California,sfbay,nby,apts & housing for rent,6975126751,None,JOIN OUR WAITING LIST!,https://sfbay.craigslist.org/nby/apa/d/corte-madera-join-our-waiting-list/6975126751.html,2019-09-09,14:57,$3104,corte madera,True,None,2,None
California,sfbay,nby,apts & housing for rent,6975116792,6967501739,"Near Santa Rosa JC - special $500 off one month rent, avail now",https://sfbay.craigslist.org/nby/apa/d/santa-rosa-near-santa-rosa-jc-special/6975116792.html,2019-09-09,14:44,$2095,santa rosa,True,None,2,854ft2
California,sfbay,nby,apts & housing for rent,6975114961,6937875747,Spacious 2 Bedroom Duplex in Cloverdale,https://sfbay.craigslist.org/nby/apa/d/cloverdale-spacious-2-bedroom-duplex-in/6975114961.html,2019-09-09,14:42,$1700,healdsburg / windsor,True,None,2,None
California,sfbay,nby,apts & housing for rent,6961868256,6953368536,Reduced!- Lovely 2+/2 in Flats of Sycamore Park - FOUNDATION,https://sfbay.craigslist.org/nby/apa/d/corte-madera-reduced-lovely-2-2-in/6961868256.html,2019-09-09,14:41,$4500,mill valley,True,None,2,1530ft2
California,sfbay,nby,apts & housing for rent,6973618650,None,"Spacious, updated 2bed condo in Sausalito-Bay+City Views!-FOUNDATION",https://sfbay.craigslist.org/nby/apa/d/sausalito-spacious-updated-2bed-condo/6973618650.html,2019-09-09,14:11,$3495,sausalito,True,None,2,1400ft2
California,sfbay,nby,apts & housing for rent,6968087969,6807854177,Two Bedroom 1.5 Bath Townhome-1 week free rent!! MMG311,https://sfbay.craigslist.org/nby/apa/d/rohnert-park-two-bedroom-15-bath/6968087969.html,2019-09-09,14:07,$1795,rohnert pk / cotati,True,None,2,860ft2
California,sfbay,nby,apts & housing for rent,6975066313,6931976619,THIS LUXE 2BR/2BA APARTMENT FEATURES A FIREPLACE,https://sfbay.craigslist.org/nby/apa/d/mill-valley-this-luxe-2br-2ba-apartment/6975066313.html,2019-09-09,13:45,$2950,mill valley,True,None,2,None
California,sfbay,nby,apts & housing for rent,6955744953,6925392131,SPACE RENT $445! PERFECT FOR NEW STARTERS!,https://sfbay.craigslist.org/nby/apa/d/clearlake-park-space-rent-445-perfect/6955744953.html,2019-09-09,13:38,$445,napa county,True,None,2,None
California,sfbay,nby,apts & housing for rent,6970558910,4702155377,Clean and serene apt. complex adjacent to Mark West creek (Larkfield),https://sfbay.craigslist.org/nby/apa/d/fulton-clean-and-serene-apt-complex/6970558910.html,2019-09-09,13:26,$2050,santa rosa,True,None,2,978ft2
California,sfbay,nby,apts & housing for rent,6975042155,None,Beautiful 2bdrm cottage w/garage,https://sfbay.craigslist.org/nby/apa/d/san-rafael-beautiful-2bdrm-cottage/6975042155.html,2019-09-09,13:18,$2900,san anselmo,True,None,2,None
California,sfbay,nby,apts & housing for rent,6975033234,None,"Lease Today, LEED Certified, Pool and Sundeck, *1 Month Free!",https://sfbay.craigslist.org/nby/apa/d/larkspur-lease-today-leed-certified/6975033234.html,2019-09-09,13:08,$4150,corte madera,True,None,2,1100ft2
California,sfbay,nby,apts & housing for rent,6975031019,None,DISTINCTIVE & UNIQUE 2X2 WITH GARAGE,https://sfbay.craigslist.org/nby/apa/d/santa-rosa-distinctive-unique-2x2-with/6975031019.html,2019-09-09,13:05,$2529,santa rosa,True,None,2,None
California,sfbay,nby,apts & housing for rent,6975027254,6963456825,Spacious  2 bedroom apartments,https://sfbay.craigslist.org/nby/apa/d/santa-rosa-spacious-2-bedroom-apartments/6975027254.html,2019-09-09,13:01,$1795,santa rosa,True,None,2,820ft2
California,sfbay,nby,apts & housing for rent,6975026507,None,BEAUTIFULLY APPOINTED 2X2 QUARTZ KITCHEN AND BATH,https://sfbay.craigslist.org/nby/apa/d/santa-rosa-beautifully-appointed-2x2/6975026507.html,2019-09-09,13:00,$2439,santa rosa,True,None,2,None
California,sfbay,nby,apts & housing for rent,6975012197,None,"Relax in our luxuriously renovated 2 bed / 1 bath, 885 Sq Feet",https://sfbay.craigslist.org/nby/apa/d/petaluma-relax-in-our-luxuriously/6975012197.html,2019-09-09,12:59,$2165,petaluma,True,None,2,885ft2
California,sfbay,nby,apts & housing for rent,6971213472,None,"Professional On Site Management, Ample Storage, Playground",https://sfbay.craigslist.org/nby/apa/d/napa-professional-on-site-management/6971213472.html,2019-09-09,12:54,$2255,Napa,True,None,2,870ft2
California,sfbay,nby,apts & housing for rent,6975006927,6950972510,Deluxe 2BR/1BA Home in Friendly Community!,https://sfbay.craigslist.org/nby/apa/d/petaluma-deluxe-2br-1ba-home-in/6975006927.html,2019-09-09,12:39,$2437,petaluma,True,None,2,879ft2
California,sfbay,nby,apts & housing for rent,6975003277,None,"Smart Rent Smart Homes, Washer Dryer, Close to Downtown Santa Rosa",https://sfbay.craigslist.org/nby/apa/d/santa-rosa-smart-rent-smart-homes/6975003277.html,2019-09-09,12:35,$2250,santa rosa,True,None,2,950ft2
California,sfbay,nby,apts & housing for rent,6971318335,6960205096,Modern 2 Bed 1.5 Bath Level Split  Townhouse,https://sfbay.craigslist.org/nby/apa/d/san-rafael-modern-2-bed-15-bath-level/6971318335.html,2019-09-09,12:33,$2745,san rafael,True,None,2,900ft2
California,sfbay,nby,apts & housing for rent,6971486192,6726816951,Southwest Santa Rosa 2 bedroom 1 bath with garage,https://sfbay.craigslist.org/nby/apa/d/santa-rosa-southwest-santa-rosa-2/6971486192.html,2019-09-09,12:31,$1750,santa rosa,True,None,2,None
California,sfbay,nby,apts & housing for rent,6971368208,6934625783,"2 bedroom 1 bath Greenbrae, CA",https://sfbay.craigslist.org/nby/apa/d/greenbrae-2-bedroom-1-bath-greenbrae-ca/6971368208.html,2019-09-09,12:09,$2368,greenbrae,True,None,2,1000ft2
California,sfbay,nby,apts & housing for rent,6974975107,6942517245,Best House In Sausalito For Rent. Oasis w/ Amazing Water Views!!!,https://sfbay.craigslist.org/nby/apa/d/sausalito-best-house-in-sausalito-for/6974975107.html,2019-09-09,12:05,$6950,sausalito,True,None,2,1820ft2
California,sfbay,nby,apts & housing for rent,6971367451,6934625783,"2 bedroom 1 bath Greenbrae, CA",https://sfbay.craigslist.org/nby/apa/d/greenbrae-2-bedroom-1-bath-greenbrae-ca/6971367451.html,2019-09-09,12:04,$2368,greenbrae,True,None,2,1000ft2
California,sfbay,nby,apts & housing for rent,6966476353,6961756738,New kitchen in prime location,https://sfbay.craigslist.org/nby/apa/d/greenbrae-new-kitchen-in-prime-location/6966476353.html,2019-09-09,11:59,$2350,kentfield / ross,True,None,2,850ft2
California,sfbay,nby,apts & housing for rent,6966475427,6857346011,Affordable Dominican two bedroom,https://sfbay.craigslist.org/nby/apa/d/san-rafael-affordable-dominican-two/6966475427.html,2019-09-09,11:59,$2050,san rafael,True,None,2,650ft2
California,sfbay,nby,apts & housing for rent,6967188398,4478004088,NEWLY REMODELED 2BD APARTMENT IN 4 PLEX ON QUIET COURT,https://sfbay.craigslist.org/nby/apa/d/rohnert-park-newly-remodeled-2bd/6967188398.html,2019-09-09,11:58,$1750,rohnert pk / cotati,True,None,2,None
California,sfbay,nby,apts & housing for rent,6974968671,None,2 Bedroom 1.5 bath TownHome near Howarth Park!,https://sfbay.craigslist.org/nby/apa/d/santa-rosa-2-bedroom-15-bath-townhome/6974968671.html,2019-09-09,11:58,$2195,santa rosa,True,None,2,1117ft2
California,sfbay,nby,apts & housing for rent,6970691744,6934619478,"Striking Bay Views, Fireplace, Pool, Pets Welcome",https://sfbay.craigslist.org/nby/apa/d/belvedere-tiburon-striking-bay-views/6970691744.html,2019-09-09,11:48,$3779,tiburon / belvedere,True,None,2,1100ft2
California,sfbay,nby,apts & housing for rent,6974949979,None,Beautiful 2 Bedroom House in Rincon Valley,https://sfbay.craigslist.org/nby/apa/d/santa-rosa-beautiful-2-bedroom-house-in/6974949979.html,2019-09-09,11:38,$2500,santa rosa,True,None,2,928ft2
California,sfbay,nby,apts & housing for rent,6974949934,None,$2250: Large 2 bedroom townhouse with garage,https://sfbay.craigslist.org/nby/apa/d/santa-rosa-2250-large-2-bedroom/6974949934.html,2019-09-09,11:38,$2250,santa rosa,True,None,2,1156ft2
California,sfbay,nby,apts & housing for rent,6974949821,None,"Remodeled 2 bedroom, 1.5 bath apartment ~Accepting Sec. 8~",https://sfbay.craigslist.org/nby/apa/d/santa-rosa-remodeled-2-bedroom-15-bath/6974949821.html,2019-09-09,11:38,$2300,santa rosa,True,None,2,992ft2
California,sfbay,nby,apts & housing for rent,6974949781,None,"~Adorable 2 bed, 1.5 bath at Windmill Farms in Cotati! ~",https://sfbay.craigslist.org/nby/apa/d/cotati-adorable-2-bed-15-bath-at/6974949781.html,2019-09-09,11:38,$2500,rohnert pk / cotati,True,None,2,1049ft2
California,sfbay,nby,apts & housing for rent,6974939959,None,Spacious Townhome available! Call NOW!!!,https://sfbay.craigslist.org/nby/apa/d/rohnert-park-spacious-townhome/6974939959.html,2019-09-09,11:35,$2200,rohnert pk / cotati,True,None,2,845ft2
California,sfbay,nby,apts & housing for rent,6974916049,None,"Spacious 2 bedroom in Napa, Salt Water Pool, Patio or Balcony",https://sfbay.craigslist.org/nby/apa/d/spacious-2-bedroom-in-napa-salt-water/6974916049.html,2019-09-09,11:04,$2811,napa county,True,None,2,1142ft2
California,sfbay,nby,apts & housing for rent,6974912593,None,"Pet friendly (breed restrictions apply), Hiking/biking trail, Tot Lot",https://sfbay.craigslist.org/nby/apa/d/santa-rosa-pet-friendly-breed/6974912593.html,2019-09-09,11:00,$2089,santa rosa,True,None,2,None
California,sfbay,nby,apts & housing for rent,6974899365,None,Spacious 2x2 Apt. with an Attached Two-Car Garage Now Available!,https://sfbay.craigslist.org/nby/apa/d/petaluma-spacious-2x2-apt-with-an/6974899365.html,2019-09-09,10:47,$2500,petaluma,True,None,2,1080ft2
California,sfbay,nby,apts & housing for rent,6974868377,6967501739,MOVE IN READY TODAY! 2 BEDROOM 1 BATH HOME W/ IN UNIT WASHER AND DRYER,https://sfbay.craigslist.org/nby/apa/d/santa-rosa-move-in-ready-today-2/6974868377.html,2019-09-09,10:47,$2095,santa rosa,True,None,2,854ft2
California,sfbay,nby,apts & housing for rent,6974874620,None,ONE MONTH FREE RENT!! 2bd/2ba,https://sfbay.craigslist.org/nby/apa/d/rohnert-park-one-month-free-rent-2bd-2ba/6974874620.html,2019-09-09,10:44,$2405,rohnert pk / cotati,True,None,2,1240ft2
California,sfbay,nby,apts & housing for rent,6974869556,6967501739,Move In Special! - Available NOW - Washer/Dryer In Unit,https://sfbay.craigslist.org/nby/apa/d/santa-rosa-move-in-special-available/6974869556.html,2019-09-09,10:42,$2095,santa rosa,True,None,2,854ft2
California,sfbay,nby,apts & housing for rent,6974868963,None,ONE MONTH FREE RENT!! 2bd/2ba,https://sfbay.craigslist.org/nby/apa/d/rohnert-park-one-month-free-rent-2bd-2ba/6974868963.html,2019-09-09,10:37,$2285,rohnert pk / cotati,True,None,2,1136ft2
California,sfbay,nby,apts & housing for rent,6974872722,6967501739,Near Santa Rosa JC - MOVE IN SPECIAL! Ready now!,https://sfbay.craigslist.org/nby/apa/d/santa-rosa-near-santa-rosa-jc-move-in/6974872722.html,2019-09-09,10:35,$2095,santa rosa,True,None,2,854ft2
California,sfbay,nby,apts & housing for rent,6974862806,None,ONE MONTH FREE RENT!! 2bd/1ba,https://sfbay.craigslist.org/nby/apa/d/rohnert-park-one-month-free-rent-2bd-1ba/6974862806.html,2019-09-09,10:34,$2170,rohnert pk / cotati,True,None,2,932ft2
California,sfbay,nby,apts & housing for rent,6974885497,None,2 bedroom 2 bathroom dome house Rivera West,https://sfbay.craigslist.org/nby/apa/d/glenhaven-2-bedroom-2-bathroom-dome/6974885497.html,2019-09-09,10:34,$1300,lake county,True,None,2,1200ft2
California,sfbay,nby,apts & housing for rent,6973545644,None,"Newly Renovated Units, Nightly Courtesy Patrol, Year Round Heated Pool",https://sfbay.craigslist.org/nby/apa/d/santa-rosa-newly-renovated-units/6973545644.html,2019-09-09,10:31,$2360,None,True,None,2,1021ft2
California,sfbay,nby,apts & housing for rent,6974863541,None,2 Bed Condo/55 plus,https://sfbay.craigslist.org/nby/apa/d/novato-2-bed-condo-55-plus/6974863541.html,2019-09-09,10:12,$2700,novato,True,None,2,1096ft2
California,sfbay,nby,apts & housing for rent,6974840871,6937020929,How Home Should Feel… Canyon Oaks,https://sfbay.craigslist.org/nby/apa/d/santa-rosa-how-home-should-feel-canyon/6974840871.html,2019-09-09,10:07,$2895,santa rosa,True,None,2,1118ft2
California,sfbay,nby,apts & housing for rent,6966704929,None,Gorgeous Downtown St. Helena Condo,https://sfbay.craigslist.org/nby/apa/d/deer-park-gorgeous-downtown-st-helena/6966704929.html,2019-09-09,10:06,$3300,napa county,True,None,2,1212ft2
California,sfbay,nby,apts & housing for rent,6974813848,6465689597,2 Bedroom 1.5 bathroom,https://sfbay.craigslist.org/nby/apa/d/cotati-2-bedroom-15-bathroom/6974813848.html,2019-09-09,09:24,$1850,rohnert pk / cotati,True,None,2,960ft2
California,sfbay,nby,apts & housing for rent,6974746962,6801900144,Fully remodeled top floor unit!!!,https://sfbay.craigslist.org/nby/apa/d/boyes-hot-springs-fully-remodeled-top/6974746962.html,2019-09-09,08:18,$2125,sonoma,True,None,2,750ft2
California,sfbay,nby,apts & housing for rent,6974737042,6801900144,Fully remodeled ground floor unit!!!,https://sfbay.craigslist.org/nby/apa/d/boyes-hot-springs-fully-remodeled/6974737042.html,2019-09-09,08:07,$2150,sonoma,True,None,2,750ft2
California,sfbay,nby,apts & housing for rent,6974736395,6801900144,Fully remodeled ground floor unit!!! 1st month Free!!!,https://sfbay.craigslist.org/nby/apa/d/eldridge-fully-remodeled-ground-floor/6974736395.html,2019-09-09,08:07,$2150,sonoma,True,None,2,750ft2
California,sfbay,nby,apts & housing for rent,6974736075,6819917481,"Townhome available now, 1st month Free!!!",https://sfbay.craigslist.org/nby/apa/d/eldridge-townhome-available-now-1st/6974736075.html,2019-09-09,08:06,$2200,sonoma,True,None,2,1000ft2
California,sfbay,nby,apts & housing for rent,6974735835,6801900144,Upstairs 2 bedroom unit now available!!!,https://sfbay.craigslist.org/nby/apa/d/boyes-hot-springs-upstairs-2-bedroom/6974735835.html,2019-09-09,08:06,$2100,sonoma,True,None,2,750ft2
California,sfbay,nby,apts & housing for rent,6974735626,6801900144,Ground floor unit coming soon!!!,https://sfbay.craigslist.org/nby/apa/d/eldridge-ground-floor-unit-coming-soon/6974735626.html,2019-09-09,08:06,$2150,sonoma,True,None,2,750ft2
California,sfbay,nby,apts & housing for rent,6974668615,6959480188,Charming Christmas Tree Hill house for rent,https://sfbay.craigslist.org/nby/apa/d/corte-madera-charming-christmas-tree/6974668615.html,2019-09-09,06:47,$4000,corte madera,True,None,2,770ft2
California,sfbay,nby,apts & housing for rent,6966474371,5755480390,Charming 2 Bedroom Apartment for Rent in Napa,https://sfbay.craigslist.org/nby/apa/d/napa-charming-2-bedroom-apartment-for/6966474371.html,2019-08-28,08:51,$2495,napa county,True,None,2,850ft2
